3 2 1 4 2 1 4 3 1 4 3 2 4 3 2 1 

2 3 1 4 1 2 4 3 4 1 3 2 3 4 2 1 

2 1 3 4 1 4 2 3 4 3 1 2 3 2 4 1 

2 1 4 3 1 4 3 2 4 3 2 1 3 2 1 4 

3 1 2 4 2 4 1 3 1 3 4 2 4 2 3 1 

1 3 2 4 4 2 1 3 3 1 4 2 2 4 3 1 

1 2 3 4 4 1 2 3 3 4 1 2 2 3 4 1 

1 2 4 3 4 1 3 2 3 4 2 1 2 3 1 4 

3 1 4 2 2 4 3 1 1 3 2 4 4 2 1 3 

1 3 4 2 4 2 3 1 3 1 2 4 2 4 1 3 

1 4 3 2 4 3 2 1 3 2 1 4 2 1 4 3 

1 4 2 3 4 3 1 2 3 2 4 1 2 1 3 4 

3 2 4 1 2 1 3 4 1 4 2 3 4 3 1 2 

2 3 4 1 1 2 3 4 4 1 2 3 3 4 1 2 

2 4 3 1 1 3 2 4 4 2 1 3 3 1 4 2 

2 4 1 3 1 3 4 2 4 2 3 1 3 1 2 4 

3 4 2 1 2 3 1 4 1 2 4 3 4 1 3 2 

4 3 2 1 3 2 1 4 2 1 4 3 1 4 3 2 

4 2 3 1 3 1 2 4 2 4 1 3 1 3 4 2 

4 2 1 3 3 1 4 2 2 4 3 1 1 3 2 4 

3 4 1 2 2 3 4 1 1 2 3 4 4 1 2 3 

4 3 1 2 3 2 4 1 2 1 3 4 1 4 2 3 

4 1 3 2 3 4 2 1 2 3 1 4 1 2 4 3 

4 1 2 3 3 4 1 2 2 3 4 1 1 2 3 4 

3 2 1 4 2 1 4 3 4 3 2 1 1 4 3 2 

2 3 1 4 1 2 4 3 3 4 2 1 4 1 3 2 

2 1 3 4 1 4 2 3 3 2 4 1 4 3 1 2 

2 1 4 3 1 4 3 2 3 2 1 4 4 3 2 1 

3 1 2 4 2 4 1 3 4 2 3 1 1 3 4 2 

1 3 2 4 4 2 1 3 2 4 3 1 3 1 4 2 

1 2 3 4 4 1 2 3 2 3 4 1 3 4 1 2 

1 2 4 3 4 1 3 2 2 3 1 4 3 4 2 1 

3 1 4 2 2 4 3 1 4 2 1 3 1 3 2 4 

1 3 4 2 4 2 3 1 2 4 1 3 3 1 2 4 

1 4 3 2 4 3 2 1 2 1 4 3 3 2 1 4 

1 4 2 3 4 3 1 2 2 1 3 4 3 2 4 1 

3 2 4 1 2 1 3 4 4 3 1 2 1 4 2 3 

2 3 4 1 1 2 3 4 3 4 1 2 4 1 2 3 

2 4 3 1 1 3 2 4 3 1 4 2 4 2 1 3 

2 4 1 3 1 3 4 2 3 1 2 4 4 2 3 1 

3 4 2 1 2 3 1 4 4 1 3 2 1 2 4 3 

4 3 2 1 3 2 1 4 1 4 3 2 2 1 4 3 

4 2 3 1 3 1 2 4 1 3 4 2 2 4 1 3 

4 2 1 3 3 1 4 2 1 3 2 4 2 4 3 1 

3 4 1 2 2 3 4 1 4 1 2 3 1 2 3 4 

4 3 1 2 3 2 4 1 1 4 2 3 2 1 3 4 

4 1 3 2 3 4 2 1 1 2 4 3 2 3 1 4 

4 1 2 3 3 4 1 2 1 2 3 4 2 3 4 1 

3 2 1 4 1 4 3 2 4 3 2 1 2 1 4 3 

2 3 1 4 4 1 3 2 3 4 2 1 1 2 4 3 

2 1 3 4 4 3 1 2 3 2 4 1 1 4 2 3 

2 1 4 3 4 3 2 1 3 2 1 4 1 4 3 2 

3 1 2 4 1 3 4 2 4 2 3 1 2 4 1 3 

1 3 2 4 3 1 4 2 2 4 3 1 4 2 1 3 

1 2 3 4 3 4 1 2 2 3 4 1 4 1 2 3 

1 2 4 3 3 4 2 1 2 3 1 4 4 1 3 2 

3 1 4 2 1 3 2 4 4 2 1 3 2 4 3 1 

1 3 4 2 3 1 2 4 2 4 1 3 4 2 3 1 

1 4 3 2 3 2 1 4 2 1 4 3 4 3 2 1 

1 4 2 3 3 2 4 1 2 1 3 4 4 3 1 2 

3 2 4 1 1 4 2 3 4 3 1 2 2 1 3 4 

2 3 4 1 4 1 2 3 3 4 1 2 1 2 3 4 

2 4 3 1 4 2 1 3 3 1 4 2 1 3 2 4 

2 4 1 3 4 2 3 1 3 1 2 4 1 3 4 2 

3 4 2 1 1 2 4 3 4 1 3 2 2 3 1 4 

4 3 2 1 2 1 4 3 1 4 3 2 3 2 1 4 

4 2 3 1 2 4 1 3 1 3 4 2 3 1 2 4 

4 2 1 3 2 4 3 1 1 3 2 4 3 1 4 2 

3 4 1 2 1 2 3 4 4 1 2 3 2 3 4 1 

4 3 1 2 2 1 3 4 1 4 2 3 3 2 4 1 

4 1 3 2 2 3 1 4 1 2 4 3 3 4 2 1 

4 1 2 3 2 3 4 1 1 2 3 4 3 4 1 2 

2 1 4 3 1 4 3 2 4 3 2 1 3 2 1 4 

1 2 4 3 4 1 3 2 3 4 2 1 2 3 1 4 

1 4 2 3 4 3 1 2 3 2 4 1 2 1 3 4 

1 4 3 2 4 3 2 1 3 2 1 4 2 1 4 3 

2 4 1 3 1 3 4 2 4 2 3 1 3 1 2 4 

4 2 1 3 3 1 4 2 2 4 3 1 1 3 2 4 

4 1 2 3 3 4 1 2 2 3 4 1 1 2 3 4 

4 1 3 2 3 4 2 1 2 3 1 4 1 2 4 3 

2 4 3 1 1 3 2 4 4 2 1 3 3 1 4 2 

4 2 3 1 3 1 2 4 2 4 1 3 1 3 4 2 

4 3 2 1 3 2 1 4 2 1 4 3 1 4 3 2 

4 3 1 2 3 2 4 1 2 1 3 4 1 4 2 3 

2 1 3 4 1 4 2 3 4 3 1 2 3 2 4 1 

1 2 3 4 4 1 2 3 3 4 1 2 2 3 4 1 

1 3 2 4 4 2 1 3 3 1 4 2 2 4 3 1 

1 3 4 2 4 2 3 1 3 1 2 4 2 4 1 3 

2 3 1 4 1 2 4 3 4 1 3 2 3 4 2 1 

3 2 1 4 2 1 4 3 1 4 3 2 4 3 2 1 

3 1 2 4 2 4 1 3 1 3 4 2 4 2 3 1 

3 1 4 2 2 4 3 1 1 3 2 4 4 2 1 3 

2 3 4 1 1 2 3 4 4 1 2 3 3 4 1 2 

3 2 4 1 2 1 3 4 1 4 2 3 4 3 1 2 

3 4 2 1 2 3 1 4 1 2 4 3 4 1 3 2 

3 4 1 2 2 3 4 1 1 2 3 4 4 1 2 3 

3 2 1 4 1 4 3 2 2 1 4 3 4 3 2 1 

2 3 1 4 4 1 3 2 1 2 4 3 3 4 2 1 

2 1 3 4 4 3 1 2 1 4 2 3 3 2 4 1 

2 1 4 3 4 3 2 1 1 4 3 2 3 2 1 4 

3 1 2 4 1 3 4 2 2 4 1 3 4 2 3 1 

1 3 2 4 3 1 4 2 4 2 1 3 2 4 3 1 

1 2 3 4 3 4 1 2 4 1 2 3 2 3 4 1 

1 2 4 3 3 4 2 1 4 1 3 2 2 3 1 4 

3 1 4 2 1 3 2 4 2 4 3 1 4 2 1 3 

1 3 4 2 3 1 2 4 4 2 3 1 2 4 1 3 

1 4 3 2 3 2 1 4 4 3 2 1 2 1 4 3 

1 4 2 3 3 2 4 1 4 3 1 2 2 1 3 4 

3 2 4 1 1 4 2 3 2 1 3 4 4 3 1 2 

2 3 4 1 4 1 2 3 1 2 3 4 3 4 1 2 

2 4 3 1 4 2 1 3 1 3 2 4 3 1 4 2 

2 4 1 3 4 2 3 1 1 3 4 2 3 1 2 4 

3 4 2 1 1 2 4 3 2 3 1 4 4 1 3 2 

4 3 2 1 2 1 4 3 3 2 1 4 1 4 3 2 

4 2 3 1 2 4 1 3 3 1 2 4 1 3 4 2 

4 2 1 3 2 4 3 1 3 1 4 2 1 3 2 4 

3 4 1 2 1 2 3 4 2 3 4 1 4 1 2 3 

4 3 1 2 2 1 3 4 3 2 4 1 1 4 2 3 

4 1 3 2 2 3 1 4 3 4 2 1 1 2 4 3 

4 1 2 3 2 3 4 1 3 4 1 2 1 2 3 4 

3 2 1 4 4 3 2 1 2 1 4 3 1 4 3 2 

2 3 1 4 3 4 2 1 1 2 4 3 4 1 3 2 

2 1 3 4 3 2 4 1 1 4 2 3 4 3 1 2 

2 1 4 3 3 2 1 4 1 4 3 2 4 3 2 1 

3 1 2 4 4 2 3 1 2 4 1 3 1 3 4 2 

1 3 2 4 2 4 3 1 4 2 1 3 3 1 4 2 

1 2 3 4 2 3 4 1 4 1 2 3 3 4 1 2 

1 2 4 3 2 3 1 4 4 1 3 2 3 4 2 1 

3 1 4 2 4 2 1 3 2 4 3 1 1 3 2 4 

1 3 4 2 2 4 1 3 4 2 3 1 3 1 2 4 

1 4 3 2 2 1 4 3 4 3 2 1 3 2 1 4 

1 4 2 3 2 1 3 4 4 3 1 2 3 2 4 1 

3 2 4 1 4 3 1 2 2 1 3 4 1 4 2 3 

2 3 4 1 3 4 1 2 1 2 3 4 4 1 2 3 

2 4 3 1 3 1 4 2 1 3 2 4 4 2 1 3 

2 4 1 3 3 1 2 4 1 3 4 2 4 2 3 1 

3 4 2 1 4 1 3 2 2 3 1 4 1 2 4 3 

4 3 2 1 1 4 3 2 3 2 1 4 2 1 4 3 

4 2 3 1 1 3 4 2 3 1 2 4 2 4 1 3 

4 2 1 3 1 3 2 4 3 1 4 2 2 4 3 1 

3 4 1 2 4 1 2 3 2 3 4 1 1 2 3 4 

4 3 1 2 1 4 2 3 3 2 4 1 2 1 3 4 

4 1 3 2 1 2 4 3 3 4 2 1 2 3 1 4 

4 1 2 3 1 2 3 4 3 4 1 2 2 3 4 1 

3 2 1 4 4 3 2 1 1 4 3 2 2 1 4 3 

2 3 1 4 3 4 2 1 4 1 3 2 1 2 4 3 

2 1 3 4 3 2 4 1 4 3 1 2 1 4 2 3 

2 1 4 3 3 2 1 4 4 3 2 1 1 4 3 2 

3 1 2 4 4 2 3 1 1 3 4 2 2 4 1 3 

1 3 2 4 2 4 3 1 3 1 4 2 4 2 1 3 

1 2 3 4 2 3 4 1 3 4 1 2 4 1 2 3 

1 2 4 3 2 3 1 4 3 4 2 1 4 1 3 2 

3 1 4 2 4 2 1 3 1 3 2 4 2 4 3 1 

1 3 4 2 2 4 1 3 3 1 2 4 4 2 3 1 

1 4 3 2 2 1 4 3 3 2 1 4 4 3 2 1 

1 4 2 3 2 1 3 4 3 2 4 1 4 3 1 2 

3 2 4 1 4 3 1 2 1 4 2 3 2 1 3 4 

2 3 4 1 3 4 1 2 4 1 2 3 1 2 3 4 

2 4 3 1 3 1 4 2 4 2 1 3 1 3 2 4 

2 4 1 3 3 1 2 4 4 2 3 1 1 3 4 2 

3 4 2 1 4 1 3 2 1 2 4 3 2 3 1 4 

4 3 2 1 1 4 3 2 2 1 4 3 3 2 1 4 

4 2 3 1 1 3 4 2 2 4 1 3 3 1 2 4 

4 2 1 3 1 3 2 4 2 4 3 1 3 1 4 2 

3 4 1 2 4 1 2 3 1 2 3 4 2 3 4 1 

4 3 1 2 1 4 2 3 2 1 3 4 3 2 4 1 

4 1 3 2 1 2 4 3 2 3 1 4 3 4 2 1 

4 1 2 3 1 2 3 4 2 3 4 1 3 4 1 2 

2 1 4 3 4 3 2 1 1 4 3 2 3 2 1 4 

1 2 4 3 3 4 2 1 4 1 3 2 2 3 1 4 

1 4 2 3 3 2 4 1 4 3 1 2 2 1 3 4 

1 4 3 2 3 2 1 4 4 3 2 1 2 1 4 3 

2 4 1 3 4 2 3 1 1 3 4 2 3 1 2 4 

4 2 1 3 2 4 3 1 3 1 4 2 1 3 2 4 

4 1 2 3 2 3 4 1 3 4 1 2 1 2 3 4 

4 1 3 2 2 3 1 4 3 4 2 1 1 2 4 3 

2 4 3 1 4 2 1 3 1 3 2 4 3 1 4 2 

4 2 3 1 2 4 1 3 3 1 2 4 1 3 4 2 

4 3 2 1 2 1 4 3 3 2 1 4 1 4 3 2 

4 3 1 2 2 1 3 4 3 2 4 1 1 4 2 3 

2 1 3 4 4 3 1 2 1 4 2 3 3 2 4 1 

1 2 3 4 3 4 1 2 4 1 2 3 2 3 4 1 

1 3 2 4 3 1 4 2 4 2 1 3 2 4 3 1 

1 3 4 2 3 1 2 4 4 2 3 1 2 4 1 3 

2 3 1 4 4 1 3 2 1 2 4 3 3 4 2 1 

3 2 1 4 1 4 3 2 2 1 4 3 4 3 2 1 

3 1 2 4 1 3 4 2 2 4 1 3 4 2 3 1 

3 1 4 2 1 3 2 4 2 4 3 1 4 2 1 3 

2 3 4 1 4 1 2 3 1 2 3 4 3 4 1 2 

3 2 4 1 1 4 2 3 2 1 3 4 4 3 1 2 

3 4 2 1 1 2 4 3 2 3 1 4 4 1 3 2 

3 4 1 2 1 2 3 4 2 3 4 1 4 1 2 3 

2 1 4 3 1 4 3 2 3 2 1 4 4 3 2 1 

1 2 4 3 4 1 3 2 2 3 1 4 3 4 2 1 

1 4 2 3 4 3 1 2 2 1 3 4 3 2 4 1 

1 4 3 2 4 3 2 1 2 1 4 3 3 2 1 4 

2 4 1 3 1 3 4 2 3 1 2 4 4 2 3 1 

4 2 1 3 3 1 4 2 1 3 2 4 2 4 3 1 

4 1 2 3 3 4 1 2 1 2 3 4 2 3 4 1 

4 1 3 2 3 4 2 1 1 2 4 3 2 3 1 4 

2 4 3 1 1 3 2 4 3 1 4 2 4 2 1 3 

4 2 3 1 3 1 2 4 1 3 4 2 2 4 1 3 

4 3 2 1 3 2 1 4 1 4 3 2 2 1 4 3 

4 3 1 2 3 2 4 1 1 4 2 3 2 1 3 4 

2 1 3 4 1 4 2 3 3 2 4 1 4 3 1 2 

1 2 3 4 4 1 2 3 2 3 4 1 3 4 1 2 

1 3 2 4 4 2 1 3 2 4 3 1 3 1 4 2 

1 3 4 2 4 2 3 1 2 4 1 3 3 1 2 4 

2 3 1 4 1 2 4 3 3 4 2 1 4 1 3 2 

3 2 1 4 2 1 4 3 4 3 2 1 1 4 3 2 

3 1 2 4 2 4 1 3 4 2 3 1 1 3 4 2 

3 1 4 2 2 4 3 1 4 2 1 3 1 3 2 4 

2 3 4 1 1 2 3 4 3 4 1 2 4 1 2 3 

3 2 4 1 2 1 3 4 4 3 1 2 1 4 2 3 

3 4 2 1 2 3 1 4 4 1 3 2 1 2 4 3 

3 4 1 2 2 3 4 1 4 1 2 3 1 2 3 4 

2 1 4 3 4 3 2 1 3 2 1 4 1 4 3 2 

1 2 4 3 3 4 2 1 2 3 1 4 4 1 3 2 

1 4 2 3 3 2 4 1 2 1 3 4 4 3 1 2 

1 4 3 2 3 2 1 4 2 1 4 3 4 3 2 1 

2 4 1 3 4 2 3 1 3 1 2 4 1 3 4 2 

4 2 1 3 2 4 3 1 1 3 2 4 3 1 4 2 

4 1 2 3 2 3 4 1 1 2 3 4 3 4 1 2 

4 1 3 2 2 3 1 4 1 2 4 3 3 4 2 1 

2 4 3 1 4 2 1 3 3 1 4 2 1 3 2 4 

4 2 3 1 2 4 1 3 1 3 4 2 3 1 2 4 

4 3 2 1 2 1 4 3 1 4 3 2 3 2 1 4 

4 3 1 2 2 1 3 4 1 4 2 3 3 2 4 1 

2 1 3 4 4 3 1 2 3 2 4 1 1 4 2 3 

1 2 3 4 3 4 1 2 2 3 4 1 4 1 2 3 

1 3 2 4 3 1 4 2 2 4 3 1 4 2 1 3 

1 3 4 2 3 1 2 4 2 4 1 3 4 2 3 1 

2 3 1 4 4 1 3 2 3 4 2 1 1 2 4 3 

3 2 1 4 1 4 3 2 4 3 2 1 2 1 4 3 

3 1 2 4 1 3 4 2 4 2 3 1 2 4 1 3 

3 1 4 2 1 3 2 4 4 2 1 3 2 4 3 1 

2 3 4 1 4 1 2 3 3 4 1 2 1 2 3 4 

3 2 4 1 1 4 2 3 4 3 1 2 2 1 3 4 

3 4 2 1 1 2 4 3 4 1 3 2 2 3 1 4 

3 4 1 2 1 2 3 4 4 1 2 3 2 3 4 1 

1 4 3 2 4 3 2 1 3 2 1 4 2 1 4 3 

4 1 3 2 3 4 2 1 2 3 1 4 1 2 4 3 

4 3 1 2 3 2 4 1 2 1 3 4 1 4 2 3 

4 3 2 1 3 2 1 4 2 1 4 3 1 4 3 2 

1 3 4 2 4 2 3 1 3 1 2 4 2 4 1 3 

3 1 4 2 2 4 3 1 1 3 2 4 4 2 1 3 

3 4 1 2 2 3 4 1 1 2 3 4 4 1 2 3 

3 4 2 1 2 3 1 4 1 2 4 3 4 1 3 2 

1 3 2 4 4 2 1 3 3 1 4 2 2 4 3 1 

3 1 2 4 2 4 1 3 1 3 4 2 4 2 3 1 

3 2 1 4 2 1 4 3 1 4 3 2 4 3 2 1 

3 2 4 1 2 1 3 4 1 4 2 3 4 3 1 2 

1 4 2 3 4 3 1 2 3 2 4 1 2 1 3 4 

4 1 2 3 3 4 1 2 2 3 4 1 1 2 3 4 

4 2 1 3 3 1 4 2 2 4 3 1 1 3 2 4 

4 2 3 1 3 1 2 4 2 4 1 3 1 3 4 2 

1 2 4 3 4 1 3 2 3 4 2 1 2 3 1 4 

2 1 4 3 1 4 3 2 4 3 2 1 3 2 1 4 

2 4 1 3 1 3 4 2 4 2 3 1 3 1 2 4 

2 4 3 1 1 3 2 4 4 2 1 3 3 1 4 2 

1 2 3 4 4 1 2 3 3 4 1 2 2 3 4 1 

2 1 3 4 1 4 2 3 4 3 1 2 3 2 4 1 

2 3 1 4 1 2 4 3 4 1 3 2 3 4 2 1 

2 3 4 1 1 2 3 4 4 1 2 3 3 4 1 2 

1 4 3 2 4 3 2 1 2 1 4 3 3 2 1 4 

4 1 3 2 3 4 2 1 1 2 4 3 2 3 1 4 

4 3 1 2 3 2 4 1 1 4 2 3 2 1 3 4 

4 3 2 1 3 2 1 4 1 4 3 2 2 1 4 3 

1 3 4 2 4 2 3 1 2 4 1 3 3 1 2 4 

3 1 4 2 2 4 3 1 4 2 1 3 1 3 2 4 

3 4 1 2 2 3 4 1 4 1 2 3 1 2 3 4 

3 4 2 1 2 3 1 4 4 1 3 2 1 2 4 3 

1 3 2 4 4 2 1 3 2 4 3 1 3 1 4 2 

3 1 2 4 2 4 1 3 4 2 3 1 1 3 4 2 

3 2 1 4 2 1 4 3 4 3 2 1 1 4 3 2 

3 2 4 1 2 1 3 4 4 3 1 2 1 4 2 3 

1 4 2 3 4 3 1 2 2 1 3 4 3 2 4 1 

4 1 2 3 3 4 1 2 1 2 3 4 2 3 4 1 

4 2 1 3 3 1 4 2 1 3 2 4 2 4 3 1 

4 2 3 1 3 1 2 4 1 3 4 2 2 4 1 3 

1 2 4 3 4 1 3 2 2 3 1 4 3 4 2 1 

2 1 4 3 1 4 3 2 3 2 1 4 4 3 2 1 

2 4 1 3 1 3 4 2 3 1 2 4 4 2 3 1 

2 4 3 1 1 3 2 4 3 1 4 2 4 2 1 3 

1 2 3 4 4 1 2 3 2 3 4 1 3 4 1 2 

2 1 3 4 1 4 2 3 3 2 4 1 4 3 1 2 

2 3 1 4 1 2 4 3 3 4 2 1 4 1 3 2 

2 3 4 1 1 2 3 4 3 4 1 2 4 1 2 3 

2 1 4 3 3 2 1 4 1 4 3 2 4 3 2 1 

1 2 4 3 2 3 1 4 4 1 3 2 3 4 2 1 

1 4 2 3 2 1 3 4 4 3 1 2 3 2 4 1 

1 4 3 2 2 1 4 3 4 3 2 1 3 2 1 4 

2 4 1 3 3 1 2 4 1 3 4 2 4 2 3 1 

4 2 1 3 1 3 2 4 3 1 4 2 2 4 3 1 

4 1 2 3 1 2 3 4 3 4 1 2 2 3 4 1 

4 1 3 2 1 2 4 3 3 4 2 1 2 3 1 4 

2 4 3 1 3 1 4 2 1 3 2 4 4 2 1 3 

4 2 3 1 1 3 4 2 3 1 2 4 2 4 1 3 

4 3 2 1 1 4 3 2 3 2 1 4 2 1 4 3 

4 3 1 2 1 4 2 3 3 2 4 1 2 1 3 4 

2 1 3 4 3 2 4 1 1 4 2 3 4 3 1 2 

1 2 3 4 2 3 4 1 4 1 2 3 3 4 1 2 

1 3 2 4 2 4 3 1 4 2 1 3 3 1 4 2 

1 3 4 2 2 4 1 3 4 2 3 1 3 1 2 4 

2 3 1 4 3 4 2 1 1 2 4 3 4 1 3 2 

3 2 1 4 4 3 2 1 2 1 4 3 1 4 3 2 

3 1 2 4 4 2 3 1 2 4 1 3 1 3 4 2 

3 1 4 2 4 2 1 3 2 4 3 1 1 3 2 4 

2 3 4 1 3 4 1 2 1 2 3 4 4 1 2 3 

3 2 4 1 4 3 1 2 2 1 3 4 1 4 2 3 

3 4 2 1 4 1 3 2 2 3 1 4 1 2 4 3 

3 4 1 2 4 1 2 3 2 3 4 1 1 2 3 4 

2 1 4 3 3 2 1 4 4 3 2 1 1 4 3 2 

1 2 4 3 2 3 1 4 3 4 2 1 4 1 3 2 

1 4 2 3 2 1 3 4 3 2 4 1 4 3 1 2 

1 4 3 2 2 1 4 3 3 2 1 4 4 3 2 1 

2 4 1 3 3 1 2 4 4 2 3 1 1 3 4 2 

4 2 1 3 1 3 2 4 2 4 3 1 3 1 4 2 

4 1 2 3 1 2 3 4 2 3 4 1 3 4 1 2 

4 1 3 2 1 2 4 3 2 3 1 4 3 4 2 1 

2 4 3 1 3 1 4 2 4 2 1 3 1 3 2 4 

4 2 3 1 1 3 4 2 2 4 1 3 3 1 2 4 

4 3 2 1 1 4 3 2 2 1 4 3 3 2 1 4 

4 3 1 2 1 4 2 3 2 1 3 4 3 2 4 1 

2 1 3 4 3 2 4 1 4 3 1 2 1 4 2 3 

1 2 3 4 2 3 4 1 3 4 1 2 4 1 2 3 

1 3 2 4 2 4 3 1 3 1 4 2 4 2 1 3 

1 3 4 2 2 4 1 3 3 1 2 4 4 2 3 1 

2 3 1 4 3 4 2 1 4 1 3 2 1 2 4 3 

3 2 1 4 4 3 2 1 1 4 3 2 2 1 4 3 

3 1 2 4 4 2 3 1 1 3 4 2 2 4 1 3 

3 1 4 2 4 2 1 3 1 3 2 4 2 4 3 1 

2 3 4 1 3 4 1 2 4 1 2 3 1 2 3 4 

3 2 4 1 4 3 1 2 1 4 2 3 2 1 3 4 

3 4 2 1 4 1 3 2 1 2 4 3 2 3 1 4 

3 4 1 2 4 1 2 3 1 2 3 4 2 3 4 1 

1 4 3 2 3 2 1 4 4 3 2 1 2 1 4 3 

4 1 3 2 2 3 1 4 3 4 2 1 1 2 4 3 

4 3 1 2 2 1 3 4 3 2 4 1 1 4 2 3 

4 3 2 1 2 1 4 3 3 2 1 4 1 4 3 2 

1 3 4 2 3 1 2 4 4 2 3 1 2 4 1 3 

3 1 4 2 1 3 2 4 2 4 3 1 4 2 1 3 

3 4 1 2 1 2 3 4 2 3 4 1 4 1 2 3 

3 4 2 1 1 2 4 3 2 3 1 4 4 1 3 2 

1 3 2 4 3 1 4 2 4 2 1 3 2 4 3 1 

3 1 2 4 1 3 4 2 2 4 1 3 4 2 3 1 

3 2 1 4 1 4 3 2 2 1 4 3 4 3 2 1 

3 2 4 1 1 4 2 3 2 1 3 4 4 3 1 2 

1 4 2 3 3 2 4 1 4 3 1 2 2 1 3 4 

4 1 2 3 2 3 4 1 3 4 1 2 1 2 3 4 

4 2 1 3 2 4 3 1 3 1 4 2 1 3 2 4 

4 2 3 1 2 4 1 3 3 1 2 4 1 3 4 2 

1 2 4 3 3 4 2 1 4 1 3 2 2 3 1 4 

2 1 4 3 4 3 2 1 1 4 3 2 3 2 1 4 

2 4 1 3 4 2 3 1 1 3 4 2 3 1 2 4 

2 4 3 1 4 2 1 3 1 3 2 4 3 1 4 2 

1 2 3 4 3 4 1 2 4 1 2 3 2 3 4 1 

2 1 3 4 4 3 1 2 1 4 2 3 3 2 4 1 

2 3 1 4 4 1 3 2 1 2 4 3 3 4 2 1 

2 3 4 1 4 1 2 3 1 2 3 4 3 4 1 2 

1 4 3 2 2 1 4 3 4 3 2 1 3 2 1 4 

4 1 3 2 1 2 4 3 3 4 2 1 2 3 1 4 

4 3 1 2 1 4 2 3 3 2 4 1 2 1 3 4 

4 3 2 1 1 4 3 2 3 2 1 4 2 1 4 3 

1 3 4 2 2 4 1 3 4 2 3 1 3 1 2 4 

3 1 4 2 4 2 1 3 2 4 3 1 1 3 2 4 

3 4 1 2 4 1 2 3 2 3 4 1 1 2 3 4 

3 4 2 1 4 1 3 2 2 3 1 4 1 2 4 3 

1 3 2 4 2 4 3 1 4 2 1 3 3 1 4 2 

3 1 2 4 4 2 3 1 2 4 1 3 1 3 4 2 

3 2 1 4 4 3 2 1 2 1 4 3 1 4 3 2 

3 2 4 1 4 3 1 2 2 1 3 4 1 4 2 3 

1 4 2 3 2 1 3 4 4 3 1 2 3 2 4 1 

4 1 2 3 1 2 3 4 3 4 1 2 2 3 4 1 

4 2 1 3 1 3 2 4 3 1 4 2 2 4 3 1 

4 2 3 1 1 3 4 2 3 1 2 4 2 4 1 3 

1 2 4 3 2 3 1 4 4 1 3 2 3 4 2 1 

2 1 4 3 3 2 1 4 1 4 3 2 4 3 2 1 

2 4 1 3 3 1 2 4 1 3 4 2 4 2 3 1 

2 4 3 1 3 1 4 2 1 3 2 4 4 2 1 3 

1 2 3 4 2 3 4 1 4 1 2 3 3 4 1 2 

2 1 3 4 3 2 4 1 1 4 2 3 4 3 1 2 

2 3 1 4 3 4 2 1 1 2 4 3 4 1 3 2 

2 3 4 1 3 4 1 2 1 2 3 4 4 1 2 3 

1 4 3 2 3 2 1 4 2 1 4 3 4 3 2 1 

4 1 3 2 2 3 1 4 1 2 4 3 3 4 2 1 

4 3 1 2 2 1 3 4 1 4 2 3 3 2 4 1 

4 3 2 1 2 1 4 3 1 4 3 2 3 2 1 4 

1 3 4 2 3 1 2 4 2 4 1 3 4 2 3 1 

3 1 4 2 1 3 2 4 4 2 1 3 2 4 3 1 

3 4 1 2 1 2 3 4 4 1 2 3 2 3 4 1 

3 4 2 1 1 2 4 3 4 1 3 2 2 3 1 4 

1 3 2 4 3 1 4 2 2 4 3 1 4 2 1 3 

3 1 2 4 1 3 4 2 4 2 3 1 2 4 1 3 

3 2 1 4 1 4 3 2 4 3 2 1 2 1 4 3 

3 2 4 1 1 4 2 3 4 3 1 2 2 1 3 4 

1 4 2 3 3 2 4 1 2 1 3 4 4 3 1 2 

4 1 2 3 2 3 4 1 1 2 3 4 3 4 1 2 

4 2 1 3 2 4 3 1 1 3 2 4 3 1 4 2 

4 2 3 1 2 4 1 3 1 3 4 2 3 1 2 4 

1 2 4 3 3 4 2 1 2 3 1 4 4 1 3 2 

2 1 4 3 4 3 2 1 3 2 1 4 1 4 3 2 

2 4 1 3 4 2 3 1 3 1 2 4 1 3 4 2 

2 4 3 1 4 2 1 3 3 1 4 2 1 3 2 4 

1 2 3 4 3 4 1 2 2 3 4 1 4 1 2 3 

2 1 3 4 4 3 1 2 3 2 4 1 1 4 2 3 

2 3 1 4 4 1 3 2 3 4 2 1 1 2 4 3 

2 3 4 1 4 1 2 3 3 4 1 2 1 2 3 4 

4 3 2 1 3 2 1 4 2 1 4 3 1 4 3 2 

3 4 2 1 2 3 1 4 1 2 4 3 4 1 3 2 

3 2 4 1 2 1 3 4 1 4 2 3 4 3 1 2 

3 2 1 4 2 1 4 3 1 4 3 2 4 3 2 1 

4 2 3 1 3 1 2 4 2 4 1 3 1 3 4 2 

2 4 3 1 1 3 2 4 4 2 1 3 3 1 4 2 

2 3 4 1 1 2 3 4 4 1 2 3 3 4 1 2 

2 3 1 4 1 2 4 3 4 1 3 2 3 4 2 1 

4 2 1 3 3 1 4 2 2 4 3 1 1 3 2 4 

2 4 1 3 1 3 4 2 4 2 3 1 3 1 2 4 

2 1 4 3 1 4 3 2 4 3 2 1 3 2 1 4 

2 1 3 4 1 4 2 3 4 3 1 2 3 2 4 1 

4 3 1 2 3 2 4 1 2 1 3 4 1 4 2 3 

3 4 1 2 2 3 4 1 1 2 3 4 4 1 2 3 

3 1 4 2 2 4 3 1 1 3 2 4 4 2 1 3 

3 1 2 4 2 4 1 3 1 3 4 2 4 2 3 1 

4 1 3 2 3 4 2 1 2 3 1 4 1 2 4 3 

1 4 3 2 4 3 2 1 3 2 1 4 2 1 4 3 

1 3 4 2 4 2 3 1 3 1 2 4 2 4 1 3 

1 3 2 4 4 2 1 3 3 1 4 2 2 4 3 1 

4 1 2 3 3 4 1 2 2 3 4 1 1 2 3 4 

1 4 2 3 4 3 1 2 3 2 4 1 2 1 3 4 

1 2 4 3 4 1 3 2 3 4 2 1 2 3 1 4 

1 2 3 4 4 1 2 3 3 4 1 2 2 3 4 1 

4 3 2 1 3 2 1 4 1 4 3 2 2 1 4 3 

3 4 2 1 2 3 1 4 4 1 3 2 1 2 4 3 

3 2 4 1 2 1 3 4 4 3 1 2 1 4 2 3 

3 2 1 4 2 1 4 3 4 3 2 1 1 4 3 2 

4 2 3 1 3 1 2 4 1 3 4 2 2 4 1 3 

2 4 3 1 1 3 2 4 3 1 4 2 4 2 1 3 

2 3 4 1 1 2 3 4 3 4 1 2 4 1 2 3 

2 3 1 4 1 2 4 3 3 4 2 1 4 1 3 2 

4 2 1 3 3 1 4 2 1 3 2 4 2 4 3 1 

2 4 1 3 1 3 4 2 3 1 2 4 4 2 3 1 

2 1 4 3 1 4 3 2 3 2 1 4 4 3 2 1 

2 1 3 4 1 4 2 3 3 2 4 1 4 3 1 2 

4 3 1 2 3 2 4 1 1 4 2 3 2 1 3 4 

3 4 1 2 2 3 4 1 4 1 2 3 1 2 3 4 

3 1 4 2 2 4 3 1 4 2 1 3 1 3 2 4 

3 1 2 4 2 4 1 3 4 2 3 1 1 3 4 2 

4 1 3 2 3 4 2 1 1 2 4 3 2 3 1 4 

1 4 3 2 4 3 2 1 2 1 4 3 3 2 1 4 

1 3 4 2 4 2 3 1 2 4 1 3 3 1 2 4 

1 3 2 4 4 2 1 3 2 4 3 1 3 1 4 2 

4 1 2 3 3 4 1 2 1 2 3 4 2 3 4 1 

1 4 2 3 4 3 1 2 2 1 3 4 3 2 4 1 

1 2 4 3 4 1 3 2 2 3 1 4 3 4 2 1 

1 2 3 4 4 1 2 3 2 3 4 1 3 4 1 2 

4 3 2 1 2 1 4 3 1 4 3 2 3 2 1 4 

3 4 2 1 1 2 4 3 4 1 3 2 2 3 1 4 

3 2 4 1 1 4 2 3 4 3 1 2 2 1 3 4 

3 2 1 4 1 4 3 2 4 3 2 1 2 1 4 3 

4 2 3 1 2 4 1 3 1 3 4 2 3 1 2 4 

2 4 3 1 4 2 1 3 3 1 4 2 1 3 2 4 

2 3 4 1 4 1 2 3 3 4 1 2 1 2 3 4 

2 3 1 4 4 1 3 2 3 4 2 1 1 2 4 3 

4 2 1 3 2 4 3 1 1 3 2 4 3 1 4 2 

2 4 1 3 4 2 3 1 3 1 2 4 1 3 4 2 

2 1 4 3 4 3 2 1 3 2 1 4 1 4 3 2 

2 1 3 4 4 3 1 2 3 2 4 1 1 4 2 3 

4 3 1 2 2 1 3 4 1 4 2 3 3 2 4 1 

3 4 1 2 1 2 3 4 4 1 2 3 2 3 4 1 

3 1 4 2 1 3 2 4 4 2 1 3 2 4 3 1 

3 1 2 4 1 3 4 2 4 2 3 1 2 4 1 3 

4 1 3 2 2 3 1 4 1 2 4 3 3 4 2 1 

1 4 3 2 3 2 1 4 2 1 4 3 4 3 2 1 

1 3 4 2 3 1 2 4 2 4 1 3 4 2 3 1 

1 3 2 4 3 1 4 2 2 4 3 1 4 2 1 3 

4 1 2 3 2 3 4 1 1 2 3 4 3 4 1 2 

1 4 2 3 3 2 4 1 2 1 3 4 4 3 1 2 

1 2 4 3 3 4 2 1 2 3 1 4 4 1 3 2 

1 2 3 4 3 4 1 2 2 3 4 1 4 1 2 3 

1 4 3 2 2 1 4 3 3 2 1 4 4 3 2 1 

4 1 3 2 1 2 4 3 2 3 1 4 3 4 2 1 

4 3 1 2 1 4 2 3 2 1 3 4 3 2 4 1 

4 3 2 1 1 4 3 2 2 1 4 3 3 2 1 4 

1 3 4 2 2 4 1 3 3 1 2 4 4 2 3 1 

3 1 4 2 4 2 1 3 1 3 2 4 2 4 3 1 

3 4 1 2 4 1 2 3 1 2 3 4 2 3 4 1 

3 4 2 1 4 1 3 2 1 2 4 3 2 3 1 4 

1 3 2 4 2 4 3 1 3 1 4 2 4 2 1 3 

3 1 2 4 4 2 3 1 1 3 4 2 2 4 1 3 

3 2 1 4 4 3 2 1 1 4 3 2 2 1 4 3 

3 2 4 1 4 3 1 2 1 4 2 3 2 1 3 4 

1 4 2 3 2 1 3 4 3 2 4 1 4 3 1 2 

4 1 2 3 1 2 3 4 2 3 4 1 3 4 1 2 

4 2 1 3 1 3 2 4 2 4 3 1 3 1 4 2 

4 2 3 1 1 3 4 2 2 4 1 3 3 1 2 4 

1 2 4 3 2 3 1 4 3 4 2 1 4 1 3 2 

2 1 4 3 3 2 1 4 4 3 2 1 1 4 3 2 

2 4 1 3 3 1 2 4 4 2 3 1 1 3 4 2 

2 4 3 1 3 1 4 2 4 2 1 3 1 3 2 4 

1 2 3 4 2 3 4 1 3 4 1 2 4 1 2 3 

2 1 3 4 3 2 4 1 4 3 1 2 1 4 2 3 

2 3 1 4 3 4 2 1 4 1 3 2 1 2 4 3 

2 3 4 1 3 4 1 2 4 1 2 3 1 2 3 4 

4 3 2 1 2 1 4 3 3 2 1 4 1 4 3 2 

3 4 2 1 1 2 4 3 2 3 1 4 4 1 3 2 

3 2 4 1 1 4 2 3 2 1 3 4 4 3 1 2 

3 2 1 4 1 4 3 2 2 1 4 3 4 3 2 1 

4 2 3 1 2 4 1 3 3 1 2 4 1 3 4 2 

2 4 3 1 4 2 1 3 1 3 2 4 3 1 4 2 

2 3 4 1 4 1 2 3 1 2 3 4 3 4 1 2 

2 3 1 4 4 1 3 2 1 2 4 3 3 4 2 1 

4 2 1 3 2 4 3 1 3 1 4 2 1 3 2 4 

2 4 1 3 4 2 3 1 1 3 4 2 3 1 2 4 

2 1 4 3 4 3 2 1 1 4 3 2 3 2 1 4 

2 1 3 4 4 3 1 2 1 4 2 3 3 2 4 1 

4 3 1 2 2 1 3 4 3 2 4 1 1 4 2 3 

3 4 1 2 1 2 3 4 2 3 4 1 4 1 2 3 

3 1 4 2 1 3 2 4 2 4 3 1 4 2 1 3 

3 1 2 4 1 3 4 2 2 4 1 3 4 2 3 1 

4 1 3 2 2 3 1 4 3 4 2 1 1 2 4 3 

1 4 3 2 3 2 1 4 4 3 2 1 2 1 4 3 

1 3 4 2 3 1 2 4 4 2 3 1 2 4 1 3 

1 3 2 4 3 1 4 2 4 2 1 3 2 4 3 1 

4 1 2 3 2 3 4 1 3 4 1 2 1 2 3 4 

1 4 2 3 3 2 4 1 4 3 1 2 2 1 3 4 

1 2 4 3 3 4 2 1 4 1 3 2 2 3 1 4 

1 2 3 4 3 4 1 2 4 1 2 3 2 3 4 1 

4 3 2 1 1 4 3 2 3 2 1 4 2 1 4 3 

3 4 2 1 4 1 3 2 2 3 1 4 1 2 4 3 

3 2 4 1 4 3 1 2 2 1 3 4 1 4 2 3 

3 2 1 4 4 3 2 1 2 1 4 3 1 4 3 2 

4 2 3 1 1 3 4 2 3 1 2 4 2 4 1 3 

2 4 3 1 3 1 4 2 1 3 2 4 4 2 1 3 

2 3 4 1 3 4 1 2 1 2 3 4 4 1 2 3 

2 3 1 4 3 4 2 1 1 2 4 3 4 1 3 2 

4 2 1 3 1 3 2 4 3 1 4 2 2 4 3 1 

2 4 1 3 3 1 2 4 1 3 4 2 4 2 3 1 

2 1 4 3 3 2 1 4 1 4 3 2 4 3 2 1 

2 1 3 4 3 2 4 1 1 4 2 3 4 3 1 2 

4 3 1 2 1 4 2 3 3 2 4 1 2 1 3 4 

3 4 1 2 4 1 2 3 2 3 4 1 1 2 3 4 

3 1 4 2 4 2 1 3 2 4 3 1 1 3 2 4 

3 1 2 4 4 2 3 1 2 4 1 3 1 3 4 2 

4 1 3 2 1 2 4 3 3 4 2 1 2 3 1 4 

1 4 3 2 2 1 4 3 4 3 2 1 3 2 1 4 

1 3 4 2 2 4 1 3 4 2 3 1 3 1 2 4 

1 3 2 4 2 4 3 1 4 2 1 3 3 1 4 2 

4 1 2 3 1 2 3 4 3 4 1 2 2 3 4 1 

1 4 2 3 2 1 3 4 4 3 1 2 3 2 4 1 

1 2 4 3 2 3 1 4 4 1 3 2 3 4 2 1 

1 2 3 4 2 3 4 1 4 1 2 3 3 4 1 2 

4 3 2 1 1 4 3 2 2 1 4 3 3 2 1 4 

3 4 2 1 4 1 3 2 1 2 4 3 2 3 1 4 

3 2 4 1 4 3 1 2 1 4 2 3 2 1 3 4 

3 2 1 4 4 3 2 1 1 4 3 2 2 1 4 3 

4 2 3 1 1 3 4 2 2 4 1 3 3 1 2 4 

2 4 3 1 3 1 4 2 4 2 1 3 1 3 2 4 

2 3 4 1 3 4 1 2 4 1 2 3 1 2 3 4 

2 3 1 4 3 4 2 1 4 1 3 2 1 2 4 3 

4 2 1 3 1 3 2 4 2 4 3 1 3 1 4 2 

2 4 1 3 3 1 2 4 4 2 3 1 1 3 4 2 

2 1 4 3 3 2 1 4 4 3 2 1 1 4 3 2 

2 1 3 4 3 2 4 1 4 3 1 2 1 4 2 3 

4 3 1 2 1 4 2 3 2 1 3 4 3 2 4 1 

3 4 1 2 4 1 2 3 1 2 3 4 2 3 4 1 

3 1 4 2 4 2 1 3 1 3 2 4 2 4 3 1 

3 1 2 4 4 2 3 1 1 3 4 2 2 4 1 3 

4 1 3 2 1 2 4 3 2 3 1 4 3 4 2 1 

1 4 3 2 2 1 4 3 3 2 1 4 4 3 2 1 

1 3 4 2 2 4 1 3 3 1 2 4 4 2 3 1 

1 3 2 4 2 4 3 1 3 1 4 2 4 2 1 3 

4 1 2 3 1 2 3 4 2 3 4 1 3 4 1 2 

1 4 2 3 2 1 3 4 3 2 4 1 4 3 1 2 

1 2 4 3 2 3 1 4 3 4 2 1 4 1 3 2 

1 2 3 4 2 3 4 1 3 4 1 2 4 1 2 3 


못찾겠다 꾀꼬리
n은 4였고 fct는 24 였다
인풋은 2 2 1 4 2 2 4 1 2 1 2 3 2 3 2 1 