3 2 1 4 2 1 4 3 1 4 3 2 4 3 2 1 

2 3 1 4 1 2 4 3 4 1 3 2 3 4 2 1 

2 1 3 4 1 4 2 3 4 3 1 2 3 2 4 1 

2 1 4 3 1 4 3 2 4 3 2 1 3 2 1 4 

3 1 2 4 2 4 1 3 1 3 4 2 4 2 3 1 

1 3 2 4 4 2 1 3 3 1 4 2 2 4 3 1 

1 2 3 4 4 1 2 3 3 4 1 2 2 3 4 1 

1 2 4 3 4 1 3 2 3 4 2 1 2 3 1 4 

3 1 4 2 2 4 3 1 1 3 2 4 4 2 1 3 

1 3 4 2 4 2 3 1 3 1 2 4 2 4 1 3 

1 4 3 2 4 3 2 1 3 2 1 4 2 1 4 3 

1 4 2 3 4 3 1 2 3 2 4 1 2 1 3 4 

3 2 4 1 2 1 3 4 1 4 2 3 4 3 1 2 

2 3 4 1 1 2 3 4 4 1 2 3 3 4 1 2 

2 4 3 1 1 3 2 4 4 2 1 3 3 1 4 2 

2 4 1 3 1 3 4 2 4 2 3 1 3 1 2 4 

3 4 2 1 2 3 1 4 1 2 4 3 4 1 3 2 

4 3 2 1 3 2 1 4 2 1 4 3 1 4 3 2 

4 2 3 1 3 1 2 4 2 4 1 3 1 3 4 2 

4 2 1 3 3 1 4 2 2 4 3 1 1 3 2 4 

3 4 1 2 2 3 4 1 1 2 3 4 4 1 2 3 

4 3 1 2 3 2 4 1 2 1 3 4 1 4 2 3 

4 1 3 2 3 4 2 1 2 3 1 4 1 2 4 3 

4 1 2 3 3 4 1 2 2 3 4 1 1 2 3 4 

3 2 1 4 2 1 4 3 4 3 2 1 1 4 3 2 

2 3 1 4 1 2 4 3 3 4 2 1 4 1 3 2 

2 1 3 4 1 4 2 3 3 2 4 1 4 3 1 2 

2 1 4 3 1 4 3 2 3 2 1 4 4 3 2 1 

3 1 2 4 2 4 1 3 4 2 3 1 1 3 4 2 

1 3 2 4 4 2 1 3 2 4 3 1 3 1 4 2 

1 2 3 4 4 1 2 3 2 3 4 1 3 4 1 2 

1 2 4 3 4 1 3 2 2 3 1 4 3 4 2 1 

3 1 4 2 2 4 3 1 4 2 1 3 1 3 2 4 

1 3 4 2 4 2 3 1 2 4 1 3 3 1 2 4 

1 4 3 2 4 3 2 1 2 1 4 3 3 2 1 4 

1 4 2 3 4 3 1 2 2 1 3 4 3 2 4 1 

3 2 4 1 2 1 3 4 4 3 1 2 1 4 2 3 

2 3 4 1 1 2 3 4 3 4 1 2 4 1 2 3 

2 4 3 1 1 3 2 4 3 1 4 2 4 2 1 3 

2 4 1 3 1 3 4 2 3 1 2 4 4 2 3 1 

3 4 2 1 2 3 1 4 4 1 3 2 1 2 4 3 

4 3 2 1 3 2 1 4 1 4 3 2 2 1 4 3 

4 2 3 1 3 1 2 4 1 3 4 2 2 4 1 3 

4 2 1 3 3 1 4 2 1 3 2 4 2 4 3 1 

3 4 1 2 2 3 4 1 4 1 2 3 1 2 3 4 

4 3 1 2 3 2 4 1 1 4 2 3 2 1 3 4 

4 1 3 2 3 4 2 1 1 2 4 3 2 3 1 4 

4 1 2 3 3 4 1 2 1 2 3 4 2 3 4 1 

3 2 1 4 1 4 3 2 4 3 2 1 2 1 4 3 

2 3 1 4 4 1 3 2 3 4 2 1 1 2 4 3 

2 1 3 4 4 3 1 2 3 2 4 1 1 4 2 3 

2 1 4 3 4 3 2 1 3 2 1 4 1 4 3 2 

3 1 2 4 1 3 4 2 4 2 3 1 2 4 1 3 

1 3 2 4 3 1 4 2 2 4 3 1 4 2 1 3 

1 2 3 4 3 4 1 2 2 3 4 1 4 1 2 3 

1 2 4 3 3 4 2 1 2 3 1 4 4 1 3 2 

3 1 4 2 1 3 2 4 4 2 1 3 2 4 3 1 

1 3 4 2 3 1 2 4 2 4 1 3 4 2 3 1 

1 4 3 2 3 2 1 4 2 1 4 3 4 3 2 1 

1 4 2 3 3 2 4 1 2 1 3 4 4 3 1 2 

3 2 4 1 1 4 2 3 4 3 1 2 2 1 3 4 

2 3 4 1 4 1 2 3 3 4 1 2 1 2 3 4 

2 4 3 1 4 2 1 3 3 1 4 2 1 3 2 4 

2 4 1 3 4 2 3 1 3 1 2 4 1 3 4 2 

3 4 2 1 1 2 4 3 4 1 3 2 2 3 1 4 

4 3 2 1 2 1 4 3 1 4 3 2 3 2 1 4 

4 2 3 1 2 4 1 3 1 3 4 2 3 1 2 4 

4 2 1 3 2 4 3 1 1 3 2 4 3 1 4 2 

3 4 1 2 1 2 3 4 4 1 2 3 2 3 4 1 

4 3 1 2 2 1 3 4 1 4 2 3 3 2 4 1 

4 1 3 2 2 3 1 4 1 2 4 3 3 4 2 1 

4 1 2 3 2 3 4 1 1 2 3 4 3 4 1 2 

2 1 4 3 1 4 3 2 4 3 2 1 3 2 1 4 

1 2 4 3 4 1 3 2 3 4 2 1 2 3 1 4 

1 4 2 3 4 3 1 2 3 2 4 1 2 1 3 4 

1 4 3 2 4 3 2 1 3 2 1 4 2 1 4 3 

2 4 1 3 1 3 4 2 4 2 3 1 3 1 2 4 

4 2 1 3 3 1 4 2 2 4 3 1 1 3 2 4 

4 1 2 3 3 4 1 2 2 3 4 1 1 2 3 4 

4 1 3 2 3 4 2 1 2 3 1 4 1 2 4 3 

2 4 3 1 1 3 2 4 4 2 1 3 3 1 4 2 

4 2 3 1 3 1 2 4 2 4 1 3 1 3 4 2 

4 3 2 1 3 2 1 4 2 1 4 3 1 4 3 2 

4 3 1 2 3 2 4 1 2 1 3 4 1 4 2 3 

2 1 3 4 1 4 2 3 4 3 1 2 3 2 4 1 

1 2 3 4 4 1 2 3 3 4 1 2 2 3 4 1 

1 3 2 4 4 2 1 3 3 1 4 2 2 4 3 1 

1 3 4 2 4 2 3 1 3 1 2 4 2 4 1 3 

2 3 1 4 1 2 4 3 4 1 3 2 3 4 2 1 

3 2 1 4 2 1 4 3 1 4 3 2 4 3 2 1 

3 1 2 4 2 4 1 3 1 3 4 2 4 2 3 1 

3 1 4 2 2 4 3 1 1 3 2 4 4 2 1 3 

2 3 4 1 1 2 3 4 4 1 2 3 3 4 1 2 

3 2 4 1 2 1 3 4 1 4 2 3 4 3 1 2 

3 4 2 1 2 3 1 4 1 2 4 3 4 1 3 2 

3 4 1 2 2 3 4 1 1 2 3 4 4 1 2 3 

3 2 1 4 1 4 3 2 2 1 4 3 4 3 2 1 

2 3 1 4 4 1 3 2 1 2 4 3 3 4 2 1 

2 1 3 4 4 3 1 2 1 4 2 3 3 2 4 1 

2 1 4 3 4 3 2 1 1 4 3 2 3 2 1 4 

3 1 2 4 1 3 4 2 2 4 1 3 4 2 3 1 

1 3 2 4 3 1 4 2 4 2 1 3 2 4 3 1 

1 2 3 4 3 4 1 2 4 1 2 3 2 3 4 1 

1 2 4 3 3 4 2 1 4 1 3 2 2 3 1 4 

3 1 4 2 1 3 2 4 2 4 3 1 4 2 1 3 

1 3 4 2 3 1 2 4 4 2 3 1 2 4 1 3 

1 4 3 2 3 2 1 4 4 3 2 1 2 1 4 3 

1 4 2 3 3 2 4 1 4 3 1 2 2 1 3 4 

3 2 4 1 1 4 2 3 2 1 3 4 4 3 1 2 

2 3 4 1 4 1 2 3 1 2 3 4 3 4 1 2 

2 4 3 1 4 2 1 3 1 3 2 4 3 1 4 2 

2 4 1 3 4 2 3 1 1 3 4 2 3 1 2 4 

3 4 2 1 1 2 4 3 2 3 1 4 4 1 3 2 

4 3 2 1 2 1 4 3 3 2 1 4 1 4 3 2 

4 2 3 1 2 4 1 3 3 1 2 4 1 3 4 2 

4 2 1 3 2 4 3 1 3 1 4 2 1 3 2 4 

3 4 1 2 1 2 3 4 2 3 4 1 4 1 2 3 

4 3 1 2 2 1 3 4 3 2 4 1 1 4 2 3 

4 1 3 2 2 3 1 4 3 4 2 1 1 2 4 3 

4 1 2 3 2 3 4 1 3 4 1 2 1 2 3 4 

3 2 1 4 4 3 2 1 2 1 4 3 1 4 3 2 

2 3 1 4 3 4 2 1 1 2 4 3 4 1 3 2 

2 1 3 4 3 2 4 1 1 4 2 3 4 3 1 2 

2 1 4 3 3 2 1 4 1 4 3 2 4 3 2 1 

3 1 2 4 4 2 3 1 2 4 1 3 1 3 4 2 

1 3 2 4 2 4 3 1 4 2 1 3 3 1 4 2 

1 2 3 4 2 3 4 1 4 1 2 3 3 4 1 2 

1 2 4 3 2 3 1 4 4 1 3 2 3 4 2 1 

3 1 4 2 4 2 1 3 2 4 3 1 1 3 2 4 

1 3 4 2 2 4 1 3 4 2 3 1 3 1 2 4 

1 4 3 2 2 1 4 3 4 3 2 1 3 2 1 4 

1 4 2 3 2 1 3 4 4 3 1 2 3 2 4 1 

3 2 4 1 4 3 1 2 2 1 3 4 1 4 2 3 

2 3 4 1 3 4 1 2 1 2 3 4 4 1 2 3 

2 4 3 1 3 1 4 2 1 3 2 4 4 2 1 3 

2 4 1 3 3 1 2 4 1 3 4 2 4 2 3 1 

3 4 2 1 4 1 3 2 2 3 1 4 1 2 4 3 

4 3 2 1 1 4 3 2 3 2 1 4 2 1 4 3 

4 2 3 1 1 3 4 2 3 1 2 4 2 4 1 3 

4 2 1 3 1 3 2 4 3 1 4 2 2 4 3 1 

3 4 1 2 4 1 2 3 2 3 4 1 1 2 3 4 

4 3 1 2 1 4 2 3 3 2 4 1 2 1 3 4 

4 1 3 2 1 2 4 3 3 4 2 1 2 3 1 4 

4 1 2 3 1 2 3 4 3 4 1 2 2 3 4 1 

3 2 1 4 4 3 2 1 1 4 3 2 2 1 4 3 

2 3 1 4 3 4 2 1 4 1 3 2 1 2 4 3 

2 1 3 4 3 2 4 1 4 3 1 2 1 4 2 3 

2 1 4 3 3 2 1 4 4 3 2 1 1 4 3 2 

3 1 2 4 4 2 3 1 1 3 4 2 2 4 1 3 

1 3 2 4 2 4 3 1 3 1 4 2 4 2 1 3 

1 2 3 4 2 3 4 1 3 4 1 2 4 1 2 3 

1 2 4 3 2 3 1 4 3 4 2 1 4 1 3 2 

3 1 4 2 4 2 1 3 1 3 2 4 2 4 3 1 

1 3 4 2 2 4 1 3 3 1 2 4 4 2 3 1 

1 4 3 2 2 1 4 3 3 2 1 4 4 3 2 1 

1 4 2 3 2 1 3 4 3 2 4 1 4 3 1 2 

3 2 4 1 4 3 1 2 1 4 2 3 2 1 3 4 

2 3 4 1 3 4 1 2 4 1 2 3 1 2 3 4 

2 4 3 1 3 1 4 2 4 2 1 3 1 3 2 4 

2 4 1 3 3 1 2 4 4 2 3 1 1 3 4 2 

3 4 2 1 4 1 3 2 1 2 4 3 2 3 1 4 

4 3 2 1 1 4 3 2 2 1 4 3 3 2 1 4 

4 2 3 1 1 3 4 2 2 4 1 3 3 1 2 4 

4 2 1 3 1 3 2 4 2 4 3 1 3 1 4 2 

3 4 1 2 4 1 2 3 1 2 3 4 2 3 4 1 

4 3 1 2 1 4 2 3 2 1 3 4 3 2 4 1 

4 1 3 2 1 2 4 3 2 3 1 4 3 4 2 1 

4 1 2 3 1 2 3 4 2 3 4 1 3 4 1 2 

2 1 4 3 4 3 2 1 1 4 3 2 3 2 1 4 

1 2 4 3 3 4 2 1 4 1 3 2 2 3 1 4 

1 4 2 3 3 2 4 1 4 3 1 2 2 1 3 4 

1 4 3 2 3 2 1 4 4 3 2 1 2 1 4 3 

2 4 1 3 4 2 3 1 1 3 4 2 3 1 2 4 

4 2 1 3 2 4 3 1 3 1 4 2 1 3 2 4 

4 1 2 3 2 3 4 1 3 4 1 2 1 2 3 4 

1 λ²μ§Έ μ‹λ„μ—μ©
2 λ²μ§Έ μ‹λ„μ—μ©
3 λ²μ§Έ μ‹λ„μ—μ©
4 λ²μ§Έ μ‹λ„μ—μ©
5 λ²μ§Έ μ‹λ„μ—μ©
6 λ²μ§Έ μ‹λ„μ—μ©
7 λ²μ§Έ μ‹λ„μ—μ©
8 λ²μ§Έ μ‹λ„μ—μ©
9 λ²μ§Έ μ‹λ„μ—μ©
10 λ²μ§Έ μ‹λ„μ—μ©
11 λ²μ§Έ μ‹λ„μ—μ©
12 λ²μ§Έ μ‹λ„μ—μ©
13 λ²μ§Έ μ‹λ„μ—μ©
14 λ²μ§Έ μ‹λ„μ—μ©
15 λ²μ§Έ μ‹λ„μ—μ©
16 λ²μ§Έ μ‹λ„μ—μ©
17 λ²μ§Έ μ‹λ„μ—μ©
18 λ²μ§Έ μ‹λ„μ—μ©
19 λ²μ§Έ μ‹λ„μ—μ©
20 λ²μ§Έ μ‹λ„μ—μ©
21 λ²μ§Έ μ‹λ„μ—μ©
22 λ²μ§Έ μ‹λ„μ—μ©
23 λ²μ§Έ μ‹λ„μ—μ©
24 λ²μ§Έ μ‹λ„μ—μ©
25 λ²μ§Έ μ‹λ„μ—μ©
26 λ²μ§Έ μ‹λ„μ—μ©
27 λ²μ§Έ μ‹λ„μ—μ©
28 λ²μ§Έ μ‹λ„μ—μ©
29 λ²μ§Έ μ‹λ„μ—μ©
30 λ²μ§Έ μ‹λ„μ—μ©
31 λ²μ§Έ μ‹λ„μ—μ©
32 λ²μ§Έ μ‹λ„μ—μ©
33 λ²μ§Έ μ‹λ„μ—μ©
34 λ²μ§Έ μ‹λ„μ—μ©
35 λ²μ§Έ μ‹λ„μ—μ©
36 λ²μ§Έ μ‹λ„μ—μ©
37 λ²μ§Έ μ‹λ„μ—μ©
38 λ²μ§Έ μ‹λ„μ—μ©
39 λ²μ§Έ μ‹λ„μ—μ©
40 λ²μ§Έ μ‹λ„μ—μ©
41 λ²μ§Έ μ‹λ„μ—μ©
42 λ²μ§Έ μ‹λ„μ—μ©
43 λ²μ§Έ μ‹λ„μ—μ©
44 λ²μ§Έ μ‹λ„μ—μ©
45 λ²μ§Έ μ‹λ„μ—μ©
46 λ²μ§Έ μ‹λ„μ—μ©
47 λ²μ§Έ μ‹λ„μ—μ©
48 λ²μ§Έ μ‹λ„μ—μ©
49 λ²μ§Έ μ‹λ„μ—μ©
50 λ²μ§Έ μ‹λ„μ—μ©
51 λ²μ§Έ μ‹λ„μ—μ©
52 λ²μ§Έ μ‹λ„μ—μ©
53 λ²μ§Έ μ‹λ„μ—μ©
54 λ²μ§Έ μ‹λ„μ—μ©
55 λ²μ§Έ μ‹λ„μ—μ©
56 λ²μ§Έ μ‹λ„μ—μ©
57 λ²μ§Έ μ‹λ„μ—μ©
58 λ²μ§Έ μ‹λ„μ—μ©
59 λ²μ§Έ μ‹λ„μ—μ©
60 λ²μ§Έ μ‹λ„μ—μ©
61 λ²μ§Έ μ‹λ„μ—μ©
62 λ²μ§Έ μ‹λ„μ—μ©
63 λ²μ§Έ μ‹λ„μ—μ©
64 λ²μ§Έ μ‹λ„μ—μ©
65 λ²μ§Έ μ‹λ„μ—μ©
66 λ²μ§Έ μ‹λ„μ—μ©
67 λ²μ§Έ μ‹λ„μ—μ©
68 λ²μ§Έ μ‹λ„μ—μ©
69 λ²μ§Έ μ‹λ„μ—μ©
70 λ²μ§Έ μ‹λ„μ—μ©
71 λ²μ§Έ μ‹λ„μ—μ©
72 λ²μ§Έ μ‹λ„μ—μ©
73 λ²μ§Έ μ‹λ„μ—μ©
74 λ²μ§Έ μ‹λ„μ—μ©
75 λ²μ§Έ μ‹λ„μ—μ©
76 λ²μ§Έ μ‹λ„μ—μ©
77 λ²μ§Έ μ‹λ„μ—μ©
78 λ²μ§Έ μ‹λ„μ—μ©
79 λ²μ§Έ μ‹λ„μ—μ©
80 λ²μ§Έ μ‹λ„μ—μ©
81 λ²μ§Έ μ‹λ„μ—μ©
82 λ²μ§Έ μ‹λ„μ—μ©
83 λ²μ§Έ μ‹λ„μ—μ©
84 λ²μ§Έ μ‹λ„μ—μ©
85 λ²μ§Έ μ‹λ„μ—μ©
86 λ²μ§Έ μ‹λ„μ—μ©
87 λ²μ§Έ μ‹λ„μ—μ©
88 λ²μ§Έ μ‹λ„μ—μ©
89 λ²μ§Έ μ‹λ„μ—μ©
90 λ²μ§Έ μ‹λ„μ—μ©
91 λ²μ§Έ μ‹λ„μ—μ©
92 λ²μ§Έ μ‹λ„μ—μ©
93 λ²μ§Έ μ‹λ„μ—μ©
94 λ²μ§Έ μ‹λ„μ—μ©
95 λ²μ§Έ μ‹λ„μ—μ©
96 λ²μ§Έ μ‹λ„μ—μ©
97 λ²μ§Έ μ‹λ„μ—μ©
98 λ²μ§Έ μ‹λ„μ—μ©
99 λ²μ§Έ μ‹λ„μ—μ©
100 λ²μ§Έ μ‹λ„μ—μ©
101 λ²μ§Έ μ‹λ„μ—μ©
102 λ²μ§Έ μ‹λ„μ—μ©
103 λ²μ§Έ μ‹λ„μ—μ©
104 λ²μ§Έ μ‹λ„μ—μ©
105 λ²μ§Έ μ‹λ„μ—μ©
106 λ²μ§Έ μ‹λ„μ—μ©
107 λ²μ§Έ μ‹λ„μ—μ©
108 λ²μ§Έ μ‹λ„μ—μ©
109 λ²μ§Έ μ‹λ„μ—μ©
110 λ²μ§Έ μ‹λ„μ—μ©
111 λ²μ§Έ μ‹λ„μ—μ©
112 λ²μ§Έ μ‹λ„μ—μ©
113 λ²μ§Έ μ‹λ„μ—μ©
114 λ²μ§Έ μ‹λ„μ—μ©
115 λ²μ§Έ μ‹λ„μ—μ©
116 λ²μ§Έ μ‹λ„μ—μ©
117 λ²μ§Έ μ‹λ„μ—μ©
118 λ²μ§Έ μ‹λ„μ—μ©
119 λ²μ§Έ μ‹λ„μ—μ©
120 λ²μ§Έ μ‹λ„μ—μ©
121 λ²μ§Έ μ‹λ„μ—μ©
122 λ²μ§Έ μ‹λ„μ—μ©
123 λ²μ§Έ μ‹λ„μ—μ©
124 λ²μ§Έ μ‹λ„μ—μ©
125 λ²μ§Έ μ‹λ„μ—μ©
126 λ²μ§Έ μ‹λ„μ—μ©
127 λ²μ§Έ μ‹λ„μ—μ©
128 λ²μ§Έ μ‹λ„μ—μ©
129 λ²μ§Έ μ‹λ„μ—μ©
130 λ²μ§Έ μ‹λ„μ—μ©
131 λ²μ§Έ μ‹λ„μ—μ©
132 λ²μ§Έ μ‹λ„μ—μ©
133 λ²μ§Έ μ‹λ„μ—μ©
134 λ²μ§Έ μ‹λ„μ—μ©
135 λ²μ§Έ μ‹λ„μ—μ©
136 λ²μ§Έ μ‹λ„μ—μ©
137 λ²μ§Έ μ‹λ„μ—μ©
138 λ²μ§Έ μ‹λ„μ—μ©
139 λ²μ§Έ μ‹λ„μ—μ©
140 λ²μ§Έ μ‹λ„μ—μ©
141 λ²μ§Έ μ‹λ„μ—μ©
142 λ²μ§Έ μ‹λ„μ—μ©
143 λ²μ§Έ μ‹λ„μ—μ©
144 λ²μ§Έ μ‹λ„μ—μ©
145 λ²μ§Έ μ‹λ„μ—μ©
146 λ²μ§Έ μ‹λ„μ—μ©
147 λ²μ§Έ μ‹λ„μ—μ©
148 λ²μ§Έ μ‹λ„μ—μ©
149 λ²μ§Έ μ‹λ„μ—μ©
150 λ²μ§Έ μ‹λ„μ—μ©
151 λ²μ§Έ μ‹λ„μ—μ©
152 λ²μ§Έ μ‹λ„μ—μ©
153 λ²μ§Έ μ‹λ„μ—μ©
154 λ²μ§Έ μ‹λ„μ—μ©
155 λ²μ§Έ μ‹λ„μ—μ©
156 λ²μ§Έ μ‹λ„μ—μ©
157 λ²μ§Έ μ‹λ„μ—μ©
158 λ²μ§Έ μ‹λ„μ—μ©
159 λ²μ§Έ μ‹λ„μ—μ©
160 λ²μ§Έ μ‹λ„μ—μ©
161 λ²μ§Έ μ‹λ„μ—μ©
162 λ²μ§Έ μ‹λ„μ—μ©
163 λ²μ§Έ μ‹λ„μ—μ©
164 λ²μ§Έ μ‹λ„μ—μ©
165 λ²μ§Έ μ‹λ„μ—μ©
166 λ²μ§Έ μ‹λ„μ—μ©
167 λ²μ§Έ μ‹λ„μ—μ©
168 λ²μ§Έ μ‹λ„μ—μ©
169 λ²μ§Έ μ‹λ„μ—μ©
170 λ²μ§Έ μ‹λ„μ—μ©
171 λ²μ§Έ μ‹λ„μ—μ©
172 λ²μ§Έ μ‹λ„μ—μ©
173 λ²μ§Έ μ‹λ„μ—μ©
174 λ²μ§Έ μ‹λ„μ—μ©
175 λ²μ§Έ μ‹λ„μ—μ©
176 4 1 3 2 2 3 1 4 3 4 2 1 1 2 4 3 

2 4 3 1 4 2 1 3 1 3 2 4 3 1 4 2 

4 2 3 1 2 4 1 3 3 1 2 4 1 3 4 2 

4 3 2 1 2 1 4 3 3 2 1 4 1 4 3 2 

4 3 1 2 2 1 3 4 3 2 4 1 1 4 2 3 

2 1 3 4 4 3 1 2 1 4 2 3 3 2 4 1 

1 2 3 4 3 4 1 2 4 1 2 3 2 3 4 1 

1 3 2 4 3 1 4 2 4 2 1 3 2 4 3 1 

1 3 4 2 3 1 2 4 4 2 3 1 2 4 1 3 

2 3 1 4 4 1 3 2 1 2 4 3 3 4 2 1 

3 2 1 4 1 4 3 2 2 1 4 3 4 3 2 1 

3 1 2 4 1 3 4 2 2 4 1 3 4 2 3 1 

3 1 4 2 1 3 2 4 2 4 3 1 4 2 1 3 

2 3 4 1 4 1 2 3 1 2 3 4 3 4 1 2 

3 2 4 1 1 4 2 3 2 1 3 4 4 3 1 2 

3 4 2 1 1 2 4 3 2 3 1 4 4 1 3 2 

3 4 1 2 1 2 3 4 2 3 4 1 4 1 2 3 

2 1 4 3 1 4 3 2 3 2 1 4 4 3 2 1 

1 2 4 3 4 1 3 2 2 3 1 4 3 4 2 1 

1 4 2 3 4 3 1 2 2 1 3 4 3 2 4 1 

1 4 3 2 4 3 2 1 2 1 4 3 3 2 1 4 

2 4 1 3 1 3 4 2 3 1 2 4 4 2 3 1 

4 2 1 3 3 1 4 2 1 3 2 4 2 4 3 1 

4 1 2 3 3 4 1 2 1 2 3 4 2 3 4 1 

4 1 3 2 3 4 2 1 1 2 4 3 2 3 1 4 

2 4 3 1 1 3 2 4 3 1 4 2 4 2 1 3 

4 2 3 1 3 1 2 4 1 3 4 2 2 4 1 3 

4 3 2 1 3 2 1 4 1 4 3 2 2 1 4 3 

4 3 1 2 3 2 4 1 1 4 2 3 2 1 3 4 

2 1 3 4 1 4 2 3 3 2 4 1 4 3 1 2 

1 2 3 4 4 1 2 3 2 3 4 1 3 4 1 2 

1 3 2 4 4 2 1 3 2 4 3 1 3 1 4 2 

1 3 4 2 4 2 3 1 2 4 1 3 3 1 2 4 

2 3 1 4 1 2 4 3 3 4 2 1 4 1 3 2 

3 2 1 4 2 1 4 3 4 3 2 1 1 4 3 2 

3 1 2 4 2 4 1 3 4 2 3 1 1 3 4 2 

3 1 4 2 2 4 3 1 4 2 1 3 1 3 2 4 

2 3 4 1 1 2 3 4 3 4 1 2 4 1 2 3 

3 2 4 1 2 1 3 4 4 3 1 2 1 4 2 3 

3 4 2 1 2 3 1 4 4 1 3 2 1 2 4 3 

3 4 1 2 2 3 4 1 4 1 2 3 1 2 3 4 

2 1 4 3 4 3 2 1 3 2 1 4 1 4 3 2 

1 2 4 3 3 4 2 1 2 3 1 4 4 1 3 2 

1 4 2 3 3 2 4 1 2 1 3 4 4 3 1 2 

1 4 3 2 3 2 1 4 2 1 4 3 4 3 2 1 

2 4 1 3 4 2 3 1 3 1 2 4 1 3 4 2 

4 2 1 3 2 4 3 1 1 3 2 4 3 1 4 2 

4 1 2 3 2 3 4 1 1 2 3 4 3 4 1 2 

4 1 3 2 2 3 1 4 1 2 4 3 3 4 2 1 

2 4 3 1 4 2 1 3 3 1 4 2 1 3 2 4 

4 2 3 1 2 4 1 3 1 3 4 2 3 1 2 4 

4 3 2 1 2 1 4 3 1 4 3 2 3 2 1 4 

4 3 1 2 2 1 3 4 1 4 2 3 3 2 4 1 

2 1 3 4 4 3 1 2 3 2 4 1 1 4 2 3 

1 2 3 4 3 4 1 2 2 3 4 1 4 1 2 3 

1 3 2 4 3 1 4 2 2 4 3 1 4 2 1 3 

1 3 4 2 3 1 2 4 2 4 1 3 4 2 3 1 

2 3 1 4 4 1 3 2 3 4 2 1 1 2 4 3 

3 2 1 4 1 4 3 2 4 3 2 1 2 1 4 3 

3 1 2 4 1 3 4 2 4 2 3 1 2 4 1 3 

3 1 4 2 1 3 2 4 4 2 1 3 2 4 3 1 

2 3 4 1 4 1 2 3 3 4 1 2 1 2 3 4 

3 2 4 1 1 4 2 3 4 3 1 2 2 1 3 4 

3 4 2 1 1 2 4 3 4 1 3 2 2 3 1 4 

3 4 1 2 1 2 3 4 4 1 2 3 2 3 4 1 

1 4 3 2 4 3 2 1 3 2 1 4 2 1 4 3 

4 1 3 2 3 4 2 1 2 3 1 4 1 2 4 3 

4 3 1 2 3 2 4 1 2 1 3 4 1 4 2 3 

4 3 2 1 3 2 1 4 2 1 4 3 1 4 3 2 

1 3 4 2 4 2 3 1 3 1 2 4 2 4 1 3 

3 1 4 2 2 4 3 1 1 3 2 4 4 2 1 3 

3 4 1 2 2 3 4 1 1 2 3 4 4 1 2 3 

3 4 2 1 2 3 1 4 1 2 4 3 4 1 3 2 

1 3 2 4 4 2 1 3 3 1 4 2 2 4 3 1 

3 1 2 4 2 4 1 3 1 3 4 2 4 2 3 1 

3 2 1 4 2 1 4 3 1 4 3 2 4 3 2 1 

3 2 4 1 2 1 3 4 1 4 2 3 4 3 1 2 

1 4 2 3 4 3 1 2 3 2 4 1 2 1 3 4 

4 1 2 3 3 4 1 2 2 3 4 1 1 2 3 4 

4 2 1 3 3 1 4 2 2 4 3 1 1 3 2 4 

4 2 3 1 3 1 2 4 2 4 1 3 1 3 4 2 

1 2 4 3 4 1 3 2 3 4 2 1 2 3 1 4 

2 1 4 3 1 4 3 2 4 3 2 1 3 2 1 4 

2 4 1 3 1 3 4 2 4 2 3 1 3 1 2 4 

2 4 3 1 1 3 2 4 4 2 1 3 3 1 4 2 

1 2 3 4 4 1 2 3 3 4 1 2 2 3 4 1 

2 1 3 4 1 4 2 3 4 3 1 2 3 2 4 1 

2 3 1 4 1 2 4 3 4 1 3 2 3 4 2 1 

2 3 4 1 1 2 3 4 4 1 2 3 3 4 1 2 

1 4 3 2 4 3 2 1 2 1 4 3 3 2 1 4 

4 1 3 2 3 4 2 1 1 2 4 3 2 3 1 4 

4 3 1 2 3 2 4 1 1 4 2 3 2 1 3 4 

4 3 2 1 3 2 1 4 1 4 3 2 2 1 4 3 

1 3 4 2 4 2 3 1 2 4 1 3 3 1 2 4 

3 1 4 2 2 4 3 1 4 2 1 3 1 3 2 4 

3 4 1 2 2 3 4 1 4 1 2 3 1 2 3 4 

3 4 2 1 2 3 1 4 4 1 3 2 1 2 4 3 

1 3 2 4 4 2 1 3 2 4 3 1 3 1 4 2 

3 1 2 4 2 4 1 3 4 2 3 1 1 3 4 2 

3 2 1 4 2 1 4 3 4 3 2 1 1 4 3 2 

3 2 4 1 2 1 3 4 4 3 1 2 1 4 2 3 

1 4 2 3 4 3 1 2 2 1 3 4 3 2 4 1 

4 1 2 3 3 4 1 2 1 2 3 4 2 3 4 1 

4 2 1 3 3 1 4 2 1 3 2 4 2 4 3 1 

4 2 3 1 3 1 2 4 1 3 4 2 2 4 1 3 

1 2 4 3 4 1 3 2 2 3 1 4 3 4 2 1 

2 1 4 3 1 4 3 2 3 2 1 4 4 3 2 1 

2 4 1 3 1 3 4 2 3 1 2 4 4 2 3 1 

2 4 3 1 1 3 2 4 3 1 4 2 4 2 1 3 

1 2 3 4 4 1 2 3 2 3 4 1 3 4 1 2 

2 1 3 4 1 4 2 3 3 2 4 1 4 3 1 2 

2 3 1 4 1 2 4 3 3 4 2 1 4 1 3 2 

2 3 4 1 1 2 3 4 3 4 1 2 4 1 2 3 

2 1 4 3 3 2 1 4 1 4 3 2 4 3 2 1 

1 2 4 3 2 3 1 4 4 1 3 2 3 4 2 1 

1 4 2 3 2 1 3 4 4 3 1 2 3 2 4 1 

1 4 3 2 2 1 4 3 4 3 2 1 3 2 1 4 

2 4 1 3 3 1 2 4 1 3 4 2 4 2 3 1 

4 2 1 3 1 3 2 4 3 1 4 2 2 4 3 1 

4 1 2 3 1 2 3 4 3 4 1 2 2 3 4 1 

4 1 3 2 1 2 4 3 3 4 2 1 2 3 1 4 

2 4 3 1 3 1 4 2 1 3 2 4 4 2 1 3 

4 2 3 1 1 3 4 2 3 1 2 4 2 4 1 3 

4 3 2 1 1 4 3 2 3 2 1 4 2 1 4 3 

4 3 1 2 1 4 2 3 3 2 4 1 2 1 3 4 

2 1 3 4 3 2 4 1 1 4 2 3 4 3 1 2 

1 2 3 4 2 3 4 1 4 1 2 3 3 4 1 2 

1 3 2 4 2 4 3 1 4 2 1 3 3 1 4 2 

1 3 4 2 2 4 1 3 4 2 3 1 3 1 2 4 

2 3 1 4 3 4 2 1 1 2 4 3 4 1 3 2 

3 2 1 4 4 3 2 1 2 1 4 3 1 4 3 2 

3 1 2 4 4 2 3 1 2 4 1 3 1 3 4 2 

3 1 4 2 4 2 1 3 2 4 3 1 1 3 2 4 

2 3 4 1 3 4 1 2 1 2 3 4 4 1 2 3 

3 2 4 1 4 3 1 2 2 1 3 4 1 4 2 3 

3 4 2 1 4 1 3 2 2 3 1 4 1 2 4 3 

3 4 1 2 4 1 2 3 2 3 4 1 1 2 3 4 

2 1 4 3 3 2 1 4 4 3 2 1 1 4 3 2 

1 2 4 3 2 3 1 4 3 4 2 1 4 1 3 2 

1 4 2 3 2 1 3 4 3 2 4 1 4 3 1 2 

1 4 3 2 2 1 4 3 3 2 1 4 4 3 2 1 

2 4 1 3 3 1 2 4 4 2 3 1 1 3 4 2 

4 2 1 3 1 3 2 4 2 4 3 1 3 1 4 2 

4 1 2 3 1 2 3 4 2 3 4 1 3 4 1 2 

4 1 3 2 1 2 4 3 2 3 1 4 3 4 2 1 

2 4 3 1 3 1 4 2 4 2 1 3 1 3 2 4 

4 2 3 1 1 3 4 2 2 4 1 3 3 1 2 4 

4 3 2 1 1 4 3 2 2 1 4 3 3 2 1 4 

4 3 1 2 1 4 2 3 2 1 3 4 3 2 4 1 

2 1 3 4 3 2 4 1 4 3 1 2 1 4 2 3 

1 2 3 4 2 3 4 1 3 4 1 2 4 1 2 3 

1 3 2 4 2 4 3 1 3 1 4 2 4 2 1 3 

1 3 4 2 2 4 1 3 3 1 2 4 4 2 3 1 

2 3 1 4 3 4 2 1 4 1 3 2 1 2 4 3 

3 2 1 4 4 3 2 1 1 4 3 2 2 1 4 3 

3 1 2 4 4 2 3 1 1 3 4 2 2 4 1 3 

3 1 4 2 4 2 1 3 1 3 2 4 2 4 3 1 

2 3 4 1 3 4 1 2 4 1 2 3 1 2 3 4 

3 2 4 1 4 3 1 2 1 4 2 3 2 1 3 4 

3 4 2 1 4 1 3 2 1 2 4 3 2 3 1 4 

3 4 1 2 4 1 2 3 1 2 3 4 2 3 4 1 

1 4 3 2 3 2 1 4 4 3 2 1 2 1 4 3 

4 1 3 2 2 3 1 4 3 4 2 1 1 2 4 3 

4 3 1 2 2 1 3 4 3 2 4 1 1 4 2 3 

4 3 2 1 2 1 4 3 3 2 1 4 1 4 3 2 

1 3 4 2 3 1 2 4 4 2 3 1 2 4 1 3 

3 1 4 2 1 3 2 4 2 4 3 1 4 2 1 3 

3 4 1 2 1 2 3 4 2 3 4 1 4 1 2 3 

3 4 2 1 1 2 4 3 2 3 1 4 4 1 3 2 

1 3 2 4 3 1 4 2 4 2 1 3 2 4 3 1 

λ²μ§Έ μ‹λ„μ—μ©
177 λ²μ§Έ μ‹λ„μ—μ©
178 λ²μ§Έ μ‹λ„μ—μ©
179 λ²μ§Έ μ‹λ„μ—μ©
180 λ²μ§Έ μ‹λ„μ—μ©
181 λ²μ§Έ μ‹λ„μ—μ©
182 λ²μ§Έ μ‹λ„μ—μ©
183 λ²μ§Έ μ‹λ„μ—μ©
184 λ²μ§Έ μ‹λ„μ—μ©
185 λ²μ§Έ μ‹λ„μ—μ©
186 λ²μ§Έ μ‹λ„μ—μ©
187 λ²μ§Έ μ‹λ„μ—μ©
188 λ²μ§Έ μ‹λ„μ—μ©
189 λ²μ§Έ μ‹λ„μ—μ©
190 λ²μ§Έ μ‹λ„μ—μ©
191 λ²μ§Έ μ‹λ„μ—μ©
192 λ²μ§Έ μ‹λ„μ—μ©
193 λ²μ§Έ μ‹λ„μ—μ©
194 λ²μ§Έ μ‹λ„μ—μ©
195 λ²μ§Έ μ‹λ„μ—μ©
196 λ²μ§Έ μ‹λ„μ—μ©
197 λ²μ§Έ μ‹λ„μ—μ©
198 λ²μ§Έ μ‹λ„μ—μ©
199 λ²μ§Έ μ‹λ„μ—μ©
200 λ²μ§Έ μ‹λ„μ—μ©
201 λ²μ§Έ μ‹λ„μ—μ©
202 λ²μ§Έ μ‹λ„μ—μ©
203 λ²μ§Έ μ‹λ„μ—μ©
204 λ²μ§Έ μ‹λ„μ—μ©
205 λ²μ§Έ μ‹λ„μ—μ©
206 λ²μ§Έ μ‹λ„μ—μ©
207 λ²μ§Έ μ‹λ„μ—μ©
208 λ²μ§Έ μ‹λ„μ—μ©
209 λ²μ§Έ μ‹λ„μ—μ©
210 λ²μ§Έ μ‹λ„μ—μ©
211 λ²μ§Έ μ‹λ„μ—μ©
212 λ²μ§Έ μ‹λ„μ—μ©
213 λ²μ§Έ μ‹λ„μ—μ©
214 λ²μ§Έ μ‹λ„μ—μ©
215 λ²μ§Έ μ‹λ„μ—μ©
216 λ²μ§Έ μ‹λ„μ—μ©
217 λ²μ§Έ μ‹λ„μ—μ©
218 λ²μ§Έ μ‹λ„μ—μ©
219 λ²μ§Έ μ‹λ„μ—μ©
220 λ²μ§Έ μ‹λ„μ—μ©
221 λ²μ§Έ μ‹λ„μ—μ©
222 λ²μ§Έ μ‹λ„μ—μ©
223 λ²μ§Έ μ‹λ„μ—μ©
224 λ²μ§Έ μ‹λ„μ—μ©
225 λ²μ§Έ μ‹λ„μ—μ©
226 λ²μ§Έ μ‹λ„μ—μ©
227 λ²μ§Έ μ‹λ„μ—μ©
228 λ²μ§Έ μ‹λ„μ—μ©
229 λ²μ§Έ μ‹λ„μ—μ©
230 λ²μ§Έ μ‹λ„μ—μ©
231 λ²μ§Έ μ‹λ„μ—μ©
232 λ²μ§Έ μ‹λ„μ—μ©
233 λ²μ§Έ μ‹λ„μ—μ©
234 λ²μ§Έ μ‹λ„μ—μ©
235 λ²μ§Έ μ‹λ„μ—μ©
236 λ²μ§Έ μ‹λ„μ—μ©
237 λ²μ§Έ μ‹λ„μ—μ©
238 λ²μ§Έ μ‹λ„μ—μ©
239 λ²μ§Έ μ‹λ„μ—μ©
240 λ²μ§Έ μ‹λ„μ—μ©
241 λ²μ§Έ μ‹λ„μ—μ©
242 λ²μ§Έ μ‹λ„μ—μ©
243 λ²μ§Έ μ‹λ„μ—μ©
244 λ²μ§Έ μ‹λ„μ—μ©
245 λ²μ§Έ μ‹λ„μ—μ©
246 λ²μ§Έ μ‹λ„μ—μ©
247 λ²μ§Έ μ‹λ„μ—μ©
248 λ²μ§Έ μ‹λ„μ—μ©
249 λ²μ§Έ μ‹λ„μ—μ©
250 λ²μ§Έ μ‹λ„μ—μ©
251 λ²μ§Έ μ‹λ„μ—μ©
252 λ²μ§Έ μ‹λ„μ—μ©
253 λ²μ§Έ μ‹λ„μ—μ©
254 λ²μ§Έ μ‹λ„μ—μ©
255 λ²μ§Έ μ‹λ„μ—μ©
256 λ²μ§Έ μ‹λ„μ—μ©
257 λ²μ§Έ μ‹λ„μ—μ©
258 λ²μ§Έ μ‹λ„μ—μ©
259 λ²μ§Έ μ‹λ„μ—μ©
260 λ²μ§Έ μ‹λ„μ—μ©
261 λ²μ§Έ μ‹λ„μ—μ©
262 λ²μ§Έ μ‹λ„μ—μ©
263 λ²μ§Έ μ‹λ„μ—μ©
264 λ²μ§Έ μ‹λ„μ—μ©
265 λ²μ§Έ μ‹λ„μ—μ©
266 λ²μ§Έ μ‹λ„μ—μ©
267 λ²μ§Έ μ‹λ„μ—μ©
268 λ²μ§Έ μ‹λ„μ—μ©
269 λ²μ§Έ μ‹λ„μ—μ©
270 λ²μ§Έ μ‹λ„μ—μ©
271 λ²μ§Έ μ‹λ„μ—μ©
272 λ²μ§Έ μ‹λ„μ—μ©
273 λ²μ§Έ μ‹λ„μ—μ©
274 λ²μ§Έ μ‹λ„μ—μ©
275 λ²μ§Έ μ‹λ„μ—μ©
276 λ²μ§Έ μ‹λ„μ—μ©
277 λ²μ§Έ μ‹λ„μ—μ©
278 λ²μ§Έ μ‹λ„μ—μ©
279 λ²μ§Έ μ‹λ„μ—μ©
280 λ²μ§Έ μ‹λ„μ—μ©
281 λ²μ§Έ μ‹λ„μ—μ©
282 λ²μ§Έ μ‹λ„μ—μ©
283 λ²μ§Έ μ‹λ„μ—μ©
284 λ²μ§Έ μ‹λ„μ—μ©
285 λ²μ§Έ μ‹λ„μ—μ©
286 λ²μ§Έ μ‹λ„μ—μ©
287 λ²μ§Έ μ‹λ„μ—μ©
288 λ²μ§Έ μ‹λ„μ—μ©
289 λ²μ§Έ μ‹λ„μ—μ©
290 λ²μ§Έ μ‹λ„μ—μ©
291 λ²μ§Έ μ‹λ„μ—μ©
292 λ²μ§Έ μ‹λ„μ—μ©
293 λ²μ§Έ μ‹λ„μ—μ©
294 λ²μ§Έ μ‹λ„μ—μ©
295 λ²μ§Έ μ‹λ„μ—μ©
296 λ²μ§Έ μ‹λ„μ—μ©
297 λ²μ§Έ μ‹λ„μ—μ©
298 λ²μ§Έ μ‹λ„μ—μ©
299 λ²μ§Έ μ‹λ„μ—μ©
300 λ²μ§Έ μ‹λ„μ—μ©
301 λ²μ§Έ μ‹λ„μ—μ©
302 λ²μ§Έ μ‹λ„μ—μ©
303 λ²μ§Έ μ‹λ„μ—μ©
304 λ²μ§Έ μ‹λ„μ—μ©
305 λ²μ§Έ μ‹λ„μ—μ©
306 λ²μ§Έ μ‹λ„μ—μ©
307 λ²μ§Έ μ‹λ„μ—μ©
308 λ²μ§Έ μ‹λ„μ—μ©
309 λ²μ§Έ μ‹λ„μ—μ©
310 λ²μ§Έ μ‹λ„μ—μ©
311 λ²μ§Έ μ‹λ„μ—μ©
312 λ²μ§Έ μ‹λ„μ—μ©
313 λ²μ§Έ μ‹λ„μ—μ©
314 λ²μ§Έ μ‹λ„μ—μ©
315 λ²μ§Έ μ‹λ„μ—μ©
316 λ²μ§Έ μ‹λ„μ—μ©
317 λ²μ§Έ μ‹λ„μ—μ©
318 λ²μ§Έ μ‹λ„μ—μ©
319 λ²μ§Έ μ‹λ„μ—μ©
320 λ²μ§Έ μ‹λ„μ—μ©
321 λ²μ§Έ μ‹λ„μ—μ©
322 λ²μ§Έ μ‹λ„μ—μ©
323 λ²μ§Έ μ‹λ„μ—μ©
324 λ²μ§Έ μ‹λ„μ—μ©
325 λ²μ§Έ μ‹λ„μ—μ©
326 λ²μ§Έ μ‹λ„μ—μ©
327 λ²μ§Έ μ‹λ„μ—μ©
328 λ²μ§Έ μ‹λ„μ—μ©
329 λ²μ§Έ μ‹λ„μ—μ©
330 λ²μ§Έ μ‹λ„μ—μ©
331 λ²μ§Έ μ‹λ„μ—μ©
332 λ²μ§Έ μ‹λ„μ—μ©
333 λ²μ§Έ μ‹λ„μ—μ©
334 λ²μ§Έ μ‹λ„μ—μ©
335 λ²μ§Έ μ‹λ„μ—μ©
336 λ²μ§Έ μ‹λ„μ—μ©
337 λ²μ§Έ μ‹λ„μ—μ©
338 λ²μ§Έ μ‹λ„μ—μ©
339 λ²μ§Έ μ‹λ„μ—μ©
340 λ²μ§Έ μ‹λ„μ—μ©
341 λ²μ§Έ μ‹λ„μ—μ©
342 λ²μ§Έ μ‹λ„μ—μ©
343 λ²μ§Έ μ‹λ„μ—μ©
344 λ²μ§Έ μ‹λ„μ—μ©
345 λ²μ§Έ μ‹λ„μ—μ©
346 λ²μ§Έ μ‹λ„μ—3 1 2 4 1 3 4 2 2 4 1 3 4 2 3 1 

3 2 1 4 1 4 3 2 2 1 4 3 4 3 2 1 

3 2 4 1 1 4 2 3 2 1 3 4 4 3 1 2 

1 4 2 3 3 2 4 1 4 3 1 2 2 1 3 4 

4 1 2 3 2 3 4 1 3 4 1 2 1 2 3 4 

4 2 1 3 2 4 3 1 3 1 4 2 1 3 2 4 

4 2 3 1 2 4 1 3 3 1 2 4 1 3 4 2 

1 2 4 3 3 4 2 1 4 1 3 2 2 3 1 4 

2 1 4 3 4 3 2 1 1 4 3 2 3 2 1 4 

2 4 1 3 4 2 3 1 1 3 4 2 3 1 2 4 

2 4 3 1 4 2 1 3 1 3 2 4 3 1 4 2 

1 2 3 4 3 4 1 2 4 1 2 3 2 3 4 1 

2 1 3 4 4 3 1 2 1 4 2 3 3 2 4 1 

2 3 1 4 4 1 3 2 1 2 4 3 3 4 2 1 

2 3 4 1 4 1 2 3 1 2 3 4 3 4 1 2 

1 4 3 2 2 1 4 3 4 3 2 1 3 2 1 4 

4 1 3 2 1 2 4 3 3 4 2 1 2 3 1 4 

4 3 1 2 1 4 2 3 3 2 4 1 2 1 3 4 

4 3 2 1 1 4 3 2 3 2 1 4 2 1 4 3 

1 3 4 2 2 4 1 3 4 2 3 1 3 1 2 4 

3 1 4 2 4 2 1 3 2 4 3 1 1 3 2 4 

3 4 1 2 4 1 2 3 2 3 4 1 1 2 3 4 

3 4 2 1 4 1 3 2 2 3 1 4 1 2 4 3 

1 3 2 4 2 4 3 1 4 2 1 3 3 1 4 2 

3 1 2 4 4 2 3 1 2 4 1 3 1 3 4 2 

3 2 1 4 4 3 2 1 2 1 4 3 1 4 3 2 

3 2 4 1 4 3 1 2 2 1 3 4 1 4 2 3 

1 4 2 3 2 1 3 4 4 3 1 2 3 2 4 1 

4 1 2 3 1 2 3 4 3 4 1 2 2 3 4 1 

4 2 1 3 1 3 2 4 3 1 4 2 2 4 3 1 

4 2 3 1 1 3 4 2 3 1 2 4 2 4 1 3 

1 2 4 3 2 3 1 4 4 1 3 2 3 4 2 1 

2 1 4 3 3 2 1 4 1 4 3 2 4 3 2 1 

2 4 1 3 3 1 2 4 1 3 4 2 4 2 3 1 

2 4 3 1 3 1 4 2 1 3 2 4 4 2 1 3 

1 2 3 4 2 3 4 1 4 1 2 3 3 4 1 2 

2 1 3 4 3 2 4 1 1 4 2 3 4 3 1 2 

2 3 1 4 3 4 2 1 1 2 4 3 4 1 3 2 

2 3 4 1 3 4 1 2 1 2 3 4 4 1 2 3 

1 4 3 2 3 2 1 4 2 1 4 3 4 3 2 1 

4 1 3 2 2 3 1 4 1 2 4 3 3 4 2 1 

4 3 1 2 2 1 3 4 1 4 2 3 3 2 4 1 

4 3 2 1 2 1 4 3 1 4 3 2 3 2 1 4 

1 3 4 2 3 1 2 4 2 4 1 3 4 2 3 1 

3 1 4 2 1 3 2 4 4 2 1 3 2 4 3 1 

3 4 1 2 1 2 3 4 4 1 2 3 2 3 4 1 

3 4 2 1 1 2 4 3 4 1 3 2 2 3 1 4 

1 3 2 4 3 1 4 2 2 4 3 1 4 2 1 3 

3 1 2 4 1 3 4 2 4 2 3 1 2 4 1 3 

3 2 1 4 1 4 3 2 4 3 2 1 2 1 4 3 

3 2 4 1 1 4 2 3 4 3 1 2 2 1 3 4 

1 4 2 3 3 2 4 1 2 1 3 4 4 3 1 2 

4 1 2 3 2 3 4 1 1 2 3 4 3 4 1 2 

4 2 1 3 2 4 3 1 1 3 2 4 3 1 4 2 

4 2 3 1 2 4 1 3 1 3 4 2 3 1 2 4 

1 2 4 3 3 4 2 1 2 3 1 4 4 1 3 2 

2 1 4 3 4 3 2 1 3 2 1 4 1 4 3 2 

2 4 1 3 4 2 3 1 3 1 2 4 1 3 4 2 

2 4 3 1 4 2 1 3 3 1 4 2 1 3 2 4 

1 2 3 4 3 4 1 2 2 3 4 1 4 1 2 3 

2 1 3 4 4 3 1 2 3 2 4 1 1 4 2 3 

2 3 1 4 4 1 3 2 3 4 2 1 1 2 4 3 

2 3 4 1 4 1 2 3 3 4 1 2 1 2 3 4 

4 3 2 1 3 2 1 4 2 1 4 3 1 4 3 2 

3 4 2 1 2 3 1 4 1 2 4 3 4 1 3 2 

3 2 4 1 2 1 3 4 1 4 2 3 4 3 1 2 

3 2 1 4 2 1 4 3 1 4 3 2 4 3 2 1 

4 2 3 1 3 1 2 4 2 4 1 3 1 3 4 2 

2 4 3 1 1 3 2 4 4 2 1 3 3 1 4 2 

2 3 4 1 1 2 3 4 4 1 2 3 3 4 1 2 

2 3 1 4 1 2 4 3 4 1 3 2 3 4 2 1 

4 2 1 3 3 1 4 2 2 4 3 1 1 3 2 4 

2 4 1 3 1 3 4 2 4 2 3 1 3 1 2 4 

2 1 4 3 1 4 3 2 4 3 2 1 3 2 1 4 

2 1 3 4 1 4 2 3 4 3 1 2 3 2 4 1 

4 3 1 2 3 2 4 1 2 1 3 4 1 4 2 3 

3 4 1 2 2 3 4 1 1 2 3 4 4 1 2 3 

3 1 4 2 2 4 3 1 1 3 2 4 4 2 1 3 

3 1 2 4 2 4 1 3 1 3 4 2 4 2 3 1 

4 1 3 2 3 4 2 1 2 3 1 4 1 2 4 3 

1 4 3 2 4 3 2 1 3 2 1 4 2 1 4 3 

1 3 4 2 4 2 3 1 3 1 2 4 2 4 1 3 

1 3 2 4 4 2 1 3 3 1 4 2 2 4 3 1 

4 1 2 3 3 4 1 2 2 3 4 1 1 2 3 4 

1 4 2 3 4 3 1 2 3 2 4 1 2 1 3 4 

1 2 4 3 4 1 3 2 3 4 2 1 2 3 1 4 

1 2 3 4 4 1 2 3 3 4 1 2 2 3 4 1 

4 3 2 1 3 2 1 4 1 4 3 2 2 1 4 3 

3 4 2 1 2 3 1 4 4 1 3 2 1 2 4 3 

3 2 4 1 2 1 3 4 4 3 1 2 1 4 2 3 

3 2 1 4 2 1 4 3 4 3 2 1 1 4 3 2 

4 2 3 1 3 1 2 4 1 3 4 2 2 4 1 3 

2 4 3 1 1 3 2 4 3 1 4 2 4 2 1 3 

2 3 4 1 1 2 3 4 3 4 1 2 4 1 2 3 

2 3 1 4 1 2 4 3 3 4 2 1 4 1 3 2 

4 2 1 3 3 1 4 2 1 3 2 4 2 4 3 1 

2 4 1 3 1 3 4 2 3 1 2 4 4 2 3 1 

2 1 4 3 1 4 3 2 3 2 1 4 4 3 2 1 

2 1 3 4 1 4 2 3 3 2 4 1 4 3 1 2 

4 3 1 2 3 2 4 1 1 4 2 3 2 1 3 4 

3 4 1 2 2 3 4 1 4 1 2 3 1 2 3 4 

3 1 4 2 2 4 3 1 4 2 1 3 1 3 2 4 

3 1 2 4 2 4 1 3 4 2 3 1 1 3 4 2 

4 1 3 2 3 4 2 1 1 2 4 3 2 3 1 4 

1 4 3 2 4 3 2 1 2 1 4 3 3 2 1 4 

1 3 4 2 4 2 3 1 2 4 1 3 3 1 2 4 

1 3 2 4 4 2 1 3 2 4 3 1 3 1 4 2 

4 1 2 3 3 4 1 2 1 2 3 4 2 3 4 1 

1 4 2 3 4 3 1 2 2 1 3 4 3 2 4 1 

1 2 4 3 4 1 3 2 2 3 1 4 3 4 2 1 

1 2 3 4 4 1 2 3 2 3 4 1 3 4 1 2 

4 3 2 1 2 1 4 3 1 4 3 2 3 2 1 4 

3 4 2 1 1 2 4 3 4 1 3 2 2 3 1 4 

3 2 4 1 1 4 2 3 4 3 1 2 2 1 3 4 

3 2 1 4 1 4 3 2 4 3 2 1 2 1 4 3 

4 2 3 1 2 4 1 3 1 3 4 2 3 1 2 4 

2 4 3 1 4 2 1 3 3 1 4 2 1 3 2 4 

2 3 4 1 4 1 2 3 3 4 1 2 1 2 3 4 

2 3 1 4 4 1 3 2 3 4 2 1 1 2 4 3 

4 2 1 3 2 4 3 1 1 3 2 4 3 1 4 2 

2 4 1 3 4 2 3 1 3 1 2 4 1 3 4 2 

2 1 4 3 4 3 2 1 3 2 1 4 1 4 3 2 

2 1 3 4 4 3 1 2 3 2 4 1 1 4 2 3 

4 3 1 2 2 1 3 4 1 4 2 3 3 2 4 1 

3 4 1 2 1 2 3 4 4 1 2 3 2 3 4 1 

3 1 4 2 1 3 2 4 4 2 1 3 2 4 3 1 

3 1 2 4 1 3 4 2 4 2 3 1 2 4 1 3 

4 1 3 2 2 3 1 4 1 2 4 3 3 4 2 1 

1 4 3 2 3 2 1 4 2 1 4 3 4 3 2 1 

1 3 4 2 3 1 2 4 2 4 1 3 4 2 3 1 

1 3 2 4 3 1 4 2 2 4 3 1 4 2 1 3 

4 1 2 3 2 3 4 1 1 2 3 4 3 4 1 2 

1 4 2 3 3 2 4 1 2 1 3 4 4 3 1 2 

1 2 4 3 3 4 2 1 2 3 1 4 4 1 3 2 

1 2 3 4 3 4 1 2 2 3 4 1 4 1 2 3 

1 4 3 2 2 1 4 3 3 2 1 4 4 3 2 1 

4 1 3 2 1 2 4 3 2 3 1 4 3 4 2 1 

4 3 1 2 1 4 2 3 2 1 3 4 3 2 4 1 

4 3 2 1 1 4 3 2 2 1 4 3 3 2 1 4 

1 3 4 2 2 4 1 3 3 1 2 4 4 2 3 1 

3 1 4 2 4 2 1 3 1 3 2 4 2 4 3 1 

3 4 1 2 4 1 2 3 1 2 3 4 2 3 4 1 

3 4 2 1 4 1 3 2 1 2 4 3 2 3 1 4 

1 3 2 4 2 4 3 1 3 1 4 2 4 2 1 3 

3 1 2 4 4 2 3 1 1 3 4 2 2 4 1 3 

3 2 1 4 4 3 2 1 1 4 3 2 2 1 4 3 

3 2 4 1 4 3 1 2 1 4 2 3 2 1 3 4 

1 4 2 3 2 1 3 4 3 2 4 1 4 3 1 2 

4 1 2 3 1 2 3 4 2 3 4 1 3 4 1 2 

4 2 1 3 1 3 2 4 2 4 3 1 3 1 4 2 

4 2 3 1 1 3 4 2 2 4 1 3 3 1 2 4 

1 2 4 3 2 3 1 4 3 4 2 1 4 1 3 2 

2 1 4 3 3 2 1 4 4 3 2 1 1 4 3 2 

2 4 1 3 3 1 2 4 4 2 3 1 1 3 4 2 

2 4 3 1 3 1 4 2 4 2 1 3 1 3 2 4 

1 2 3 4 2 3 4 1 3 4 1 2 4 1 2 3 

2 1 3 4 3 2 4 1 4 3 1 2 1 4 2 3 

2 3 1 4 3 4 2 1 4 1 3 2 1 2 4 3 

2 3 4 1 3 4 1 2 4 1 2 3 1 2 3 4 

4 3 2 1 2 1 4 3 3 2 1 4 1 4 3 2 

3 4 2 1 1 2 4 3 2 3 1 4 4 1 3 2 

3 2 4 1 1 4 2 3 2 1 3 4 4 3 1 2 

3 2 1 4 1 4 3 2 2 1 4 3 4 3 2 1 

4 2 3 1 2 4 1 3 3 1 2 4 1 3 4 2 

2 4 3 1 4 2 1 3 1 3 2 4 3 1 4 2 

2 3 4 1 4 1 2 3 1 2 3 4 3 4 1 2 

2 3 1 4 4 1 3 2 1 2 4 3 3 4 2 1 

4 2 1 3 2 4 3 1 3 1 4 2 1 3 2 4 

2 4 1 3 4 2 3 1 1 3 4 2 3 1 2 4 

2 1 4 3 4 3 2 1 1 4 3 2 3 2 1 4 

2 1 3 4 4 3 1 2 1 4 2 3 3 2 4 1 

μ©
347 λ²μ§Έ μ‹λ„μ—μ©
348 λ²μ§Έ μ‹λ„μ—μ©
349 λ²μ§Έ μ‹λ„μ—μ©
350 λ²μ§Έ μ‹λ„μ—μ©
351 λ²μ§Έ μ‹λ„μ—μ©
352 λ²μ§Έ μ‹λ„μ—μ©
353 λ²μ§Έ μ‹λ„μ—μ©
354 λ²μ§Έ μ‹λ„μ—μ©
355 λ²μ§Έ μ‹λ„μ—μ©
356 λ²μ§Έ μ‹λ„μ—μ©
357 λ²μ§Έ μ‹λ„μ—μ©
358 λ²μ§Έ μ‹λ„μ—μ©
359 λ²μ§Έ μ‹λ„μ—μ©
360 λ²μ§Έ μ‹λ„μ—μ©
361 λ²μ§Έ μ‹λ„μ—μ©
362 λ²μ§Έ μ‹λ„μ—μ©
363 λ²μ§Έ μ‹λ„μ—μ©
364 λ²μ§Έ μ‹λ„μ—μ©
365 λ²μ§Έ μ‹λ„μ—μ©
366 λ²μ§Έ μ‹λ„μ—μ©
367 λ²μ§Έ μ‹λ„μ—μ©
368 λ²μ§Έ μ‹λ„μ—μ©
369 λ²μ§Έ μ‹λ„μ—μ©
370 λ²μ§Έ μ‹λ„μ—μ©
371 λ²μ§Έ μ‹λ„μ—μ©
372 λ²μ§Έ μ‹λ„μ—μ©
373 λ²μ§Έ μ‹λ„μ—μ©
374 λ²μ§Έ μ‹λ„μ—μ©
375 λ²μ§Έ μ‹λ„μ—μ©
376 λ²μ§Έ μ‹λ„μ—μ©
377 λ²μ§Έ μ‹λ„μ—μ©
378 λ²μ§Έ μ‹λ„μ—μ©
379 λ²μ§Έ μ‹λ„μ—μ©
380 λ²μ§Έ μ‹λ„μ—μ©
381 λ²μ§Έ μ‹λ„μ—μ©
382 λ²μ§Έ μ‹λ„μ—μ©
383 λ²μ§Έ μ‹λ„μ—μ©
384 λ²μ§Έ μ‹λ„μ—μ©
385 λ²μ§Έ μ‹λ„μ—μ©
386 λ²μ§Έ μ‹λ„μ—μ©
387 λ²μ§Έ μ‹λ„μ—μ©
388 λ²μ§Έ μ‹λ„μ—μ©
389 λ²μ§Έ μ‹λ„μ—μ©
390 λ²μ§Έ μ‹λ„μ—μ©
391 λ²μ§Έ μ‹λ„μ—μ©
392 λ²μ§Έ μ‹λ„μ—μ©
393 λ²μ§Έ μ‹λ„μ—μ©
394 λ²μ§Έ μ‹λ„μ—μ©
395 λ²μ§Έ μ‹λ„μ—μ©
396 λ²μ§Έ μ‹λ„μ—μ©
397 λ²μ§Έ μ‹λ„μ—μ©
398 λ²μ§Έ μ‹λ„μ—μ©
399 λ²μ§Έ μ‹λ„μ—μ©
400 λ²μ§Έ μ‹λ„μ—μ©
401 λ²μ§Έ μ‹λ„μ—μ©
402 λ²μ§Έ μ‹λ„μ—μ©
403 λ²μ§Έ μ‹λ„μ—μ©
404 λ²μ§Έ μ‹λ„μ—μ©
405 λ²μ§Έ μ‹λ„μ—μ©
406 λ²μ§Έ μ‹λ„μ—μ©
407 λ²μ§Έ μ‹λ„μ—μ©
408 λ²μ§Έ μ‹λ„μ—μ©
409 λ²μ§Έ μ‹λ„μ—μ©
410 λ²μ§Έ μ‹λ„μ—μ©
411 λ²μ§Έ μ‹λ„μ—μ©
412 λ²μ§Έ μ‹λ„μ—μ©
413 λ²μ§Έ μ‹λ„μ—μ©
414 λ²μ§Έ μ‹λ„μ—μ©
415 λ²μ§Έ μ‹λ„μ—μ©
416 λ²μ§Έ μ‹λ„μ—μ©
417 λ²μ§Έ μ‹λ„μ—μ©
418 λ²μ§Έ μ‹λ„μ—μ©
419 λ²μ§Έ μ‹λ„μ—μ©
420 λ²μ§Έ μ‹λ„μ—μ©
421 λ²μ§Έ μ‹λ„μ—μ©
422 λ²μ§Έ μ‹λ„μ—μ©
423 λ²μ§Έ μ‹λ„μ—μ©
424 λ²μ§Έ μ‹λ„μ—μ©
425 λ²μ§Έ μ‹λ„μ—μ©
426 λ²μ§Έ μ‹λ„μ—μ©
427 λ²μ§Έ μ‹λ„μ—μ©
428 λ²μ§Έ μ‹λ„μ—μ©
429 λ²μ§Έ μ‹λ„μ—μ©
430 λ²μ§Έ μ‹λ„μ—μ©
431 λ²μ§Έ μ‹λ„μ—μ©
432 λ²μ§Έ μ‹λ„μ—μ©
433 λ²μ§Έ μ‹λ„μ—μ©
434 λ²μ§Έ μ‹λ„μ—μ©
435 λ²μ§Έ μ‹λ„μ—μ©
436 λ²μ§Έ μ‹λ„μ—μ©
437 λ²μ§Έ μ‹λ„μ—μ©
438 λ²μ§Έ μ‹λ„μ—μ©
439 λ²μ§Έ μ‹λ„μ—μ©
440 λ²μ§Έ μ‹λ„μ—μ©
441 λ²μ§Έ μ‹λ„μ—μ©
442 λ²μ§Έ μ‹λ„μ—μ©
443 λ²μ§Έ μ‹λ„μ—μ©
444 λ²μ§Έ μ‹λ„μ—μ©
445 λ²μ§Έ μ‹λ„μ—μ©
446 λ²μ§Έ μ‹λ„μ—μ©
447 λ²μ§Έ μ‹λ„μ—μ©
448 λ²μ§Έ μ‹λ„μ—μ©
449 λ²μ§Έ μ‹λ„μ—μ©
450 λ²μ§Έ μ‹λ„μ—μ©
451 λ²μ§Έ μ‹λ„μ—μ©
452 λ²μ§Έ μ‹λ„μ—μ©
453 λ²μ§Έ μ‹λ„μ—μ©
454 λ²μ§Έ μ‹λ„μ—μ©
455 λ²μ§Έ μ‹λ„μ—μ©
456 λ²μ§Έ μ‹λ„μ—μ©
457 λ²μ§Έ μ‹λ„μ—μ©
458 λ²μ§Έ μ‹λ„μ—μ©
459 λ²μ§Έ μ‹λ„μ—μ©
460 λ²μ§Έ μ‹λ„μ—μ©
461 λ²μ§Έ μ‹λ„μ—μ©
462 λ²μ§Έ μ‹λ„μ—μ©
463 λ²μ§Έ μ‹λ„μ—μ©
464 λ²μ§Έ μ‹λ„μ—μ©
465 λ²μ§Έ μ‹λ„μ—μ©
466 λ²μ§Έ μ‹λ„μ—μ©
467 λ²μ§Έ μ‹λ„μ—μ©
468 λ²μ§Έ μ‹λ„μ—μ©
469 λ²μ§Έ μ‹λ„μ—μ©
470 λ²μ§Έ μ‹λ„μ—μ©
471 λ²μ§Έ μ‹λ„μ—μ©
472 λ²μ§Έ μ‹λ„μ—μ©
473 λ²μ§Έ μ‹λ„μ—μ©
474 λ²μ§Έ μ‹λ„μ—μ©
475 λ²μ§Έ μ‹λ„μ—μ©
476 λ²μ§Έ μ‹λ„μ—μ©
477 λ²μ§Έ μ‹λ„μ—μ©
478 λ²μ§Έ μ‹λ„μ—μ©
479 λ²μ§Έ μ‹λ„μ—μ©
480 λ²μ§Έ μ‹λ„μ—μ©
481 λ²μ§Έ μ‹λ„μ—μ©
482 λ²μ§Έ μ‹λ„μ—μ©
483 λ²μ§Έ μ‹λ„μ—μ©
484 λ²μ§Έ μ‹λ„μ—μ©
485 λ²μ§Έ μ‹λ„μ—μ©
486 λ²μ§Έ μ‹λ„μ—μ©
487 λ²μ§Έ μ‹λ„μ—μ©
488 λ²μ§Έ μ‹λ„μ—μ©
489 λ²μ§Έ μ‹λ„μ—μ©
490 λ²μ§Έ μ‹λ„μ—μ©
491 λ²μ§Έ μ‹λ„μ—μ©
492 λ²μ§Έ μ‹λ„μ—μ©
493 λ²μ§Έ μ‹λ„μ—μ©
494 λ²μ§Έ μ‹λ„μ—μ©
495 λ²μ§Έ μ‹λ„μ—μ©
496 λ²μ§Έ μ‹λ„μ—μ©
497 λ²μ§Έ μ‹λ„μ—μ©
498 λ²μ§Έ μ‹λ„μ—μ©
499 λ²μ§Έ μ‹λ„μ—μ©
500 λ²μ§Έ μ‹λ„μ—μ©
501 λ²μ§Έ μ‹λ„μ—μ©
502 λ²μ§Έ μ‹λ„μ—μ©
503 λ²μ§Έ μ‹λ„μ—μ©
504 λ²μ§Έ μ‹λ„μ—μ©
505 λ²μ§Έ μ‹λ„μ—μ©
506 λ²μ§Έ μ‹λ„μ—μ©
507 λ²μ§Έ μ‹λ„μ—μ©
508 λ²μ§Έ μ‹λ„μ—μ©
509 λ²μ§Έ μ‹λ„μ—μ©
510 λ²μ§Έ μ‹λ„μ—μ©
511 λ²μ§Έ μ‹λ„μ—μ©
512 λ²μ§Έ μ‹λ„μ—μ©
513 λ²μ§Έ μ‹λ„μ—μ©
514 λ²μ§Έ μ‹λ„μ—μ©
515 λ²μ§Έ μ‹λ„μ—μ©
516 λ²μ§Έ μ‹λ„μ—μ©
517 λ²μ§Έ μ4 3 1 2 2 1 3 4 3 2 4 1 1 4 2 3 

3 4 1 2 1 2 3 4 2 3 4 1 4 1 2 3 

3 1 4 2 1 3 2 4 2 4 3 1 4 2 1 3 

3 1 2 4 1 3 4 2 2 4 1 3 4 2 3 1 

4 1 3 2 2 3 1 4 3 4 2 1 1 2 4 3 

1 4 3 2 3 2 1 4 4 3 2 1 2 1 4 3 

1 3 4 2 3 1 2 4 4 2 3 1 2 4 1 3 

1 3 2 4 3 1 4 2 4 2 1 3 2 4 3 1 

4 1 2 3 2 3 4 1 3 4 1 2 1 2 3 4 

1 4 2 3 3 2 4 1 4 3 1 2 2 1 3 4 

1 2 4 3 3 4 2 1 4 1 3 2 2 3 1 4 

1 2 3 4 3 4 1 2 4 1 2 3 2 3 4 1 

4 3 2 1 1 4 3 2 3 2 1 4 2 1 4 3 

3 4 2 1 4 1 3 2 2 3 1 4 1 2 4 3 

3 2 4 1 4 3 1 2 2 1 3 4 1 4 2 3 

3 2 1 4 4 3 2 1 2 1 4 3 1 4 3 2 

4 2 3 1 1 3 4 2 3 1 2 4 2 4 1 3 

2 4 3 1 3 1 4 2 1 3 2 4 4 2 1 3 

2 3 4 1 3 4 1 2 1 2 3 4 4 1 2 3 

2 3 1 4 3 4 2 1 1 2 4 3 4 1 3 2 

4 2 1 3 1 3 2 4 3 1 4 2 2 4 3 1 

2 4 1 3 3 1 2 4 1 3 4 2 4 2 3 1 

2 1 4 3 3 2 1 4 1 4 3 2 4 3 2 1 

2 1 3 4 3 2 4 1 1 4 2 3 4 3 1 2 

4 3 1 2 1 4 2 3 3 2 4 1 2 1 3 4 

3 4 1 2 4 1 2 3 2 3 4 1 1 2 3 4 

3 1 4 2 4 2 1 3 2 4 3 1 1 3 2 4 

3 1 2 4 4 2 3 1 2 4 1 3 1 3 4 2 

4 1 3 2 1 2 4 3 3 4 2 1 2 3 1 4 

1 4 3 2 2 1 4 3 4 3 2 1 3 2 1 4 

1 3 4 2 2 4 1 3 4 2 3 1 3 1 2 4 

1 3 2 4 2 4 3 1 4 2 1 3 3 1 4 2 

4 1 2 3 1 2 3 4 3 4 1 2 2 3 4 1 

1 4 2 3 2 1 3 4 4 3 1 2 3 2 4 1 

1 2 4 3 2 3 1 4 4 1 3 2 3 4 2 1 

1 2 3 4 2 3 4 1 4 1 2 3 3 4 1 2 

4 3 2 1 1 4 3 2 2 1 4 3 3 2 1 4 

3 4 2 1 4 1 3 2 1 2 4 3 2 3 1 4 

3 2 4 1 4 3 1 2 1 4 2 3 2 1 3 4 

3 2 1 4 4 3 2 1 1 4 3 2 2 1 4 3 

4 2 3 1 1 3 4 2 2 4 1 3 3 1 2 4 

2 4 3 1 3 1 4 2 4 2 1 3 1 3 2 4 

2 3 4 1 3 4 1 2 4 1 2 3 1 2 3 4 

2 3 1 4 3 4 2 1 4 1 3 2 1 2 4 3 

4 2 1 3 1 3 2 4 2 4 3 1 3 1 4 2 

2 4 1 3 3 1 2 4 4 2 3 1 1 3 4 2 

2 1 4 3 3 2 1 4 4 3 2 1 1 4 3 2 

2 1 3 4 3 2 4 1 4 3 1 2 1 4 2 3 

4 3 1 2 1 4 2 3 2 1 3 4 3 2 4 1 

3 4 1 2 4 1 2 3 1 2 3 4 2 3 4 1 

3 1 4 2 4 2 1 3 1 3 2 4 2 4 3 1 

3 1 2 4 4 2 3 1 1 3 4 2 2 4 1 3 

4 1 3 2 1 2 4 3 2 3 1 4 3 4 2 1 

1 4 3 2 2 1 4 3 3 2 1 4 4 3 2 1 

1 3 4 2 2 4 1 3 3 1 2 4 4 2 3 1 

1 3 2 4 2 4 3 1 3 1 4 2 4 2 1 3 

4 1 2 3 1 2 3 4 2 3 4 1 3 4 1 2 

1 4 2 3 2 1 3 4 3 2 4 1 4 3 1 2 

1 2 4 3 2 3 1 4 3 4 2 1 4 1 3 2 

1 2 3 4 2 3 4 1 3 4 1 2 4 1 2 3 


λ»μ°Ύκ² λ‹¤ κΎ€κΌ¬λ¦¬
‹λ„μ—μ©
518 λ²μ§Έ μ‹λ„μ—μ©
519 λ²μ§Έ μ‹λ„μ—μ©
520 λ²μ§Έ μ‹λ„μ—μ©
521 λ²μ§Έ μ‹λ„μ—μ©
522 λ²μ§Έ μ‹λ„μ—μ©
523 λ²μ§Έ μ‹λ„μ—μ©
524 λ²μ§Έ μ‹λ„μ—μ©
525 λ²μ§Έ μ‹λ„μ—μ©
526 λ²μ§Έ μ‹λ„μ—μ©
527 λ²μ§Έ μ‹λ„μ—μ©
528 λ²μ§Έ μ‹λ„μ—μ©
529 λ²μ§Έ μ‹λ„μ—μ©
530 λ²μ§Έ μ‹λ„μ—μ©
531 λ²μ§Έ μ‹λ„μ—μ©
532 λ²μ§Έ μ‹λ„μ—μ©
533 λ²μ§Έ μ‹λ„μ—μ©
534 λ²μ§Έ μ‹λ„μ—μ©
535 λ²μ§Έ μ‹λ„μ—μ©
536 λ²μ§Έ μ‹λ„μ—μ©
537 λ²μ§Έ μ‹λ„μ—μ©
538 λ²μ§Έ μ‹λ„μ—μ©
539 λ²μ§Έ μ‹λ„μ—μ©
540 λ²μ§Έ μ‹λ„μ—μ©
541 λ²μ§Έ μ‹λ„μ—μ©
542 λ²μ§Έ μ‹λ„μ—μ©
543 λ²μ§Έ μ‹λ„μ—μ©
544 λ²μ§Έ μ‹λ„μ—μ©
545 λ²μ§Έ μ‹λ„μ—μ©
546 λ²μ§Έ μ‹λ„μ—μ©
547 λ²μ§Έ μ‹λ„μ—μ©
548 λ²μ§Έ μ‹λ„μ—μ©
549 λ²μ§Έ μ‹λ„μ—μ©
550 λ²μ§Έ μ‹λ„μ—μ©
551 λ²μ§Έ μ‹λ„μ—μ©
552 λ²μ§Έ μ‹λ„μ—μ©
553 λ²μ§Έ μ‹λ„μ—μ©
554 λ²μ§Έ μ‹λ„μ—μ©
555 λ²μ§Έ μ‹λ„μ—μ©
556 λ²μ§Έ μ‹λ„μ—μ©
557 λ²μ§Έ μ‹λ„μ—μ©
558 λ²μ§Έ μ‹λ„μ—μ©
559 λ²μ§Έ μ‹λ„μ—μ©
560 λ²μ§Έ μ‹λ„μ—μ©
561 λ²μ§Έ μ‹λ„μ—μ©
562 λ²μ§Έ μ‹λ„μ—μ©
563 λ²μ§Έ μ‹λ„μ—μ©
564 λ²μ§Έ μ‹λ„μ—μ©
565 λ²μ§Έ μ‹λ„μ—μ©
566 λ²μ§Έ μ‹λ„μ—μ©
567 λ²μ§Έ μ‹λ„μ—μ©
568 λ²μ§Έ μ‹λ„μ—μ©
569 λ²μ§Έ μ‹λ„μ—μ©
570 λ²μ§Έ μ‹λ„μ—μ©
571 λ²μ§Έ μ‹λ„μ—μ©
572 λ²μ§Έ μ‹λ„μ—μ©
573 λ²μ§Έ μ‹λ„μ—μ©
574 λ²μ§Έ μ‹λ„μ—μ©
575 λ²μ§Έ μ‹λ„μ—μ©
576 λ²μ§Έ μ‹λ„μ—μ©
nμ€ 4μ€κ³  fctλ” 24 μ€λ‹¤
μΈν’‹μ€ 2 2 1 4 2 2 4 1 2 1 2 3 2 3 2 1 